170 154 1
446 77 1
113 58 1
170 79 1
437 127 1
247 63 1
437 21 1
151 87 1
215 87 1
244 182 1
106 127 1
406 63 1
201 71 1
206 65 0
231 164 0
407 87 1
104 74 0
89 132 0
258 87 1
17 140 1
201 68 1
339 34 0
4 104 0
444 182 0
231 28 1
268 58 1
238 121 0
328 105 1
72 176 0
241 119 1
423 121 1
106 153 1
85 87 1
331 146 1
186 56 1
292 79 1
41 82 1
169 19 1
9 87 1
344 132 1
291 157 0
96 189 1
13 191 1
455 103 1
343 28 1
69 87 1
291 85 1
25 23 0
253 58 1
234 182 1
106 18 1
138 79 1
348 28 1
62 28 1
402 85 1
230 191 1
212 86 1
139 87 1
311 46 0
437 39 1
299 182 1
162 87 1
437 29 1
32 178 0
30 86 1
159 143 0
274 75 1
340 16 0
437 60 1
402 59 1
96 145 1
23 191 1
402 32 1
433 166 1
236 88 1
308 70 1
68 46 1
247 140 1
383 96 1
24 135 0
437 171 1
437 48 1
167 85 0
380 87 1
27 31 1
455 125 1
437 120 1
236 180 1
437 147 1
194 28 1
344 134 1
389 82 1
402 25 0
437 122 1
22 28 1
91 82 1
201 116 1
207 28 1
175 140 1
353 17 0
300 17 0
437 41 1
84 121 1
70 95 0
120 121 1
8 77 1
161 53 1
455 128 1
137 70 0
274 30 0
418 161 1
307 28 1
96 166 1
331 54 1
73 79 1
315 6 0
106 92 1
106 94 1
5 173 1
77 19 1
173 19 1
266 77 1
310 182 1
331 159 1
267 178 0
344 23 1
449 77 1
394 3 0
201 39 1
386 78 0
383 130 1
331 143 1
455 74 1
201 171 1
164 164 0
432 58 1
331 22 1
331 170 1
319 127 0
279 87 1
262 29 0
334 178 0
331 115 1
42 172 0
101 53 1
308 185 1
106 21 1
212 87 1
211 79 1
106 39 1
241 121 1
308 119 1
96 93 1
173 28 1
348 56 1
9 86 1
331 93 1
437 37 1
356 53 1
96 176 1
89 86 1
204 119 1
278 53 1
437 54 1
102 186 0
350 56 1
84 130 0
201 159 1
292 56 1
327 155 0
291 103 1
374 144 1
237 28 1
106 171 1
310 105 1
10 28 1
331 91 1
402 88 1
433 158 1
385 110 0
444 87 1
241 160 1
331 20 1
314 42 1
331 136 1
308 180 1
179 140 1
357 61 0
24 87 1
20 30 0
424 105 1
455 19 1
170 4 1
285 87 1
127 42 1
170 29 1
331 24 1
170 55 1
234 58 1
332 87 1
282 105 1
106 155 1
26 28 1
24 86 1
331 171 1
153 106 1
141 56 1
433 151 1
385 87 1
437 6 1
68 123 1
438 53 1
118 47 0
434 191 1
73 87 1
308 160 1
437 2 1
434 58 1
298 106 1
249 86 1
89 87 1
170 15 1
437 22 1
395 77 1
201 21 1
345 56 1
101 87 1
255 34 0
368 184 0
110 47 0
340 86 1
331 113 1
454 53 1
431 178 0
107 48 0
284 5 1
82 124 0
72 182 1
111 140 1
110 144 1
291 95 1
201 139 1
256 87 1
382 86 1
228 140 1
440 106 1
402 174 1
0 191 1
68 87 1
74 87 1
14 160 0
433 144 1
411 165 0
4 105 1
437 136 1
437 67 1
411 182 1
106 54 1
148 121 1
419 49 1
163 58 1
221 86 1
399 105 1
177 191 1
291 56 1
355 108 0
26 82 0
433 181 1
43 191 1
183 71 0
302 191 1
336 182 1
54 161 1
445 14 0
261 87 1
265 47 0
201 133 1
211 87 1
266 27 0
68 142 0
387 86 1
201 115 1
43 8 0
308 102 1
54 63 1
305 79 1
236 78 1
205 79 1
198 12 0
402 102 1
402 135 1
215 94 0
163 182 1
157 56 1
337 79 1
236 89 0
437 91 1
360 35 0
418 140 1
244 58 1
327 105 1
150 182 1
280 102 0
81 98 0
172 63 1
106 0 1
437 13 1
96 7 1
106 120 1
391 87 1
129 86 0
9 144 1
274 56 1
74 9 0
291 118 1
363 87 1
29 87 1
6 28 1
12 186 1
333 88 1
300 82 1
224 53 1
430 51 0
34 86 1
393 87 1
327 87 1
208 87 1
198 16 1
51 87 1
448 77 1
62 164 0
331 71 1
376 84 0
172 155 0
208 44 0
331 172 1
156 64 0
226 28 1
237 56 1
279 79 1
331 43 1
241 166 1
218 100 0
248 87 1
112 186 1
455 150 1
106 55 1
309 86 1
455 63 0
436 105 1
126 156 0
49 87 0
80 182 1
252 181 1
229 17 0
223 186 1
421 137 0
308 56 1
96 92 1
197 87 1
43 182 1
260 77 1
308 100 1
254 28 1
454 19 1
104 87 1
384 106 1
375 138 0
170 36 1
417 63 0
77 125 0
310 87 1
394 82 1
247 161 1
455 111 1
190 112 0
34 32 0
236 144 1
310 121 1
276 186 0
201 1 1
350 168 0
308 166 1
144 132 0
193 121 1
63 161 0
304 64 1
417 58 1
351 160 0
240 77 1
170 72 1
383 88 1
106 20 1
216 143 0
401 84 0
437 126 1
128 79 0
164 87 1
153 57 0
24 56 1
402 19 1
90 56 1
329 87 1
377 87 1
431 87 1
383 165 1
170 6 1
106 148 1
236 188 1
228 42 1
170 136 1
252 38 1
111 87 1
344 151 1
437 20 1
366 87 1
291 11 1
127 172 0
291 183 1
193 187 0
170 41 1
17 42 1
290 50 0
447 72 0
402 28 1
193 58 1
37 53 1
89 56 1
354 87 1
442 161 1
451 104 0
170 91 1
79 87 1
341 83 0
352 189 0
437 113 1
201 147 1
38 79 1
35 118 0
269 79 1
30 8 0
374 17 0
207 72 0
329 82 0
216 87 1
170 92 1
278 164 0
345 98 0
275 121 1
384 86 1
201 36 1
174 28 0
116 87 1
80 28 1
286 97 0
78 39 0
442 140 1
322 69 0
325 49 0
405 167 0
82 56 1
414 87 1
412 101 0
265 106 1
60 7 0
379 150 0
296 149 0
263 87 1
106 147 1
291 70 1
411 28 1
369 3 0
236 25 1
252 191 1
152 191 1
142 84 0
40 99 0
310 28 1
315 87 1
106 159 1
268 83 0
233 80 0
306 87 1
200 176 0
314 161 1
323 28 1
371 128 0
378 17 0
209 85 0
302 52 0
28 175 0
424 121 1
308 150 1
228 63 1
406 42 1
302 105 1
272 28 1
246 82 0
96 56 1
50 26 0
435 59 0
246 56 1
331 122 1
122 125 0
94 87 1
104 28 1
91 5 0
408 72 0
201 55 1
362 77 1
82 79 1
308 28 1
170 104 1
261 56 1
182 48 0
331 92 1
169 28 1
312 166 1
454 106 1
201 113 1
413 79 1
455 180 1
343 88 1
94 86 1
156 58 1
293 68 0
169 191 1
344 165 1
158 121 1
71 86 1
61 127 0
447 87 1
28 58 1
225 17 0
17 161 1
98 58 1
212 11 0
132 161 0
331 139 1
414 190 1
236 191 1
47 56 1
240 16 0
106 163 1
420 138 0
170 163 1
77 56 1
71 28 1
227 84 0
437 94 1
284 26 0
392 161 1
155 191 1
401 79 1
201 72 1
18 28 1
406 184 0
106 142 1
106 2 1
331 179 1
291 49 1
170 149 1
289 5 1
157 109 0
437 15 1
230 86 1
434 121 1
106 133 1
331 133 1
255 56 1
230 9 0
366 10 0
92 109 1
400 182 1
167 56 1
131 87 1
205 87 1
170 171 1
64 5 1
12 87 1
306 142 0
439 121 1
261 143 0
441 169 0
7 82 1
201 43 1
228 161 1
370 131 0
450 87 1
437 143 1
210 76 0
277 28 1
453 87 1
205 74 0
421 28 1
290 87 1
186 87 1
186 82 1
4 182 1
241 19 1
114 77 1
201 45 1
308 19 1
295 62 0
321 98 0
201 22 1
294 132 0
440 87 1
382 14 0
94 53 1
437 187 0
201 29 1
291 131 1
291 119 1
344 124 1
362 31 0
409 62 0
42 5 1
170 126 1
157 53 1
35 87 1
110 87 1
78 144 1
331 126 1
0 13 0
341 121 1
274 181 1
318 25 0
302 182 1
106 175 1
417 105 1
313 110 0
455 106 1
263 39 0
452 53 1
250 23 0
437 149 1
252 118 1
177 28 1
356 56 1
402 81 1
137 79 1
332 1 0
199 53 1
201 51 1
48 87 1
437 115 1
147 79 1
198 53 1
77 70 1
26 87 1
305 179 0
188 18 0
283 79 1
54 140 1
427 167 0
392 28 1
135 56 1
225 82 1
389 98 0
0 28 1
434 105 1
106 164 1
189 80 0
29 138 0
418 45 0
380 152 0
423 87 1
455 168 1
236 14 1
236 118 1
3 19 1
124 79 1
39 72 0
63 77 1
72 121 1
329 56 1
429 174 0
170 177 1
21 64 0
4 58 1
331 164 1
351 86 1
133 142 0
201 146 1
3 87 1
356 28 1
326 101 0
170 65 1
5 0 0
303 87 1
73 181 1
103 87 1
195 3 0
32 140 1
269 80 0
422 127 0
399 121 1
402 50 1
93 28 1
414 193 1
170 1 1
437 142 1
400 121 1
236 35 1
331 69 1
246 87 1
323 121 1
189 87 1
244 52 0
312 104 0
204 127 0
241 145 1
242 151 0
191 87 1
106 112 1
52 87 1
170 68 1
186 134 1
331 68 1
106 149 1
60 87 1
106 29 1
105 32 0
453 106 1
76 178 0
254 105 1
186 106 1
344 87 1
181 84 0
96 22 1
201 69 1
236 151 1
5 88 1
341 105 1
254 165 0
15 86 1
452 12 0
141 87 1
135 87 1
180 9 1
146 28 1
275 51 0
106 67 1
109 82 1
344 21 0
145 121 1
331 153 1
130 77 1
123 20 0
412 53 1
236 27 1
278 79 1
331 15 1
428 191 1
106 69 1
267 82 1
185 90 0
287 177 0
106 76 1
235 87 1
187 105 1
349 77 1
170 172 1
155 56 1
106 6 1
104 82 1
265 28 1
13 19 1
331 96 0
115 139 0
14 87 1
112 59 0
281 56 1
170 120 1
211 83 0
45 53 1
88 108 0
74 56 1
41 121 0
252 158 1
453 38 1
359 56 1
27 187 0
131 170 0
241 38 1
18 122 0
7 42 0
201 163 1
444 86 1
347 87 1
78 87 1
201 122 1
27 173 1
80 86 1
8 36 0
437 139 1
404 28 1
317 171 0
30 53 1
118 191 1
325 161 1
326 58 1
433 83 0
291 165 1
158 29 0
327 58 1
170 175 1
121 121 1
170 18 1
418 63 1
437 51 1
437 93 1
434 182 1
170 170 1
374 53 1
201 6 1
120 58 1
190 87 1
369 53 1
337 70 0
402 86 1
247 42 1
125 70 0
344 62 1
454 134 0
422 58 1
277 119 0
330 82 1
177 120 0
331 65 1
343 142 0
344 66 1
402 3 1
98 121 1
79 36 0
288 27 0
204 106 1
73 70 1
86 56 1
152 46 1
206 87 1
423 58 1
317 191 1
159 134 1
310 64 0
402 176 1
144 182 1
16 126 0
265 87 1
323 29 0
233 87 1
429 77 1
336 187 0
400 97 0
98 105 1
331 60 1
258 122 0
197 67 0
368 158 1
373 58 1
154 53 1
383 191 1
92 125 0
291 124 1
152 152 0
35 56 1
331 149 1
264 166 0
146 70 0
106 24 1
407 173 1
454 84 1
200 56 1
212 58 1
169 145 1
154 87 1
309 91 0
171 77 1
143 140 1
53 100 0
102 79 1
120 182 1
274 82 1
90 168 0
25 87 1
220 77 1
419 117 0
321 82 1
412 56 1
383 167 1
371 56 1
124 87 1
173 70 1
252 87 1
386 63 1
187 142 0
9 80 0
354 53 1
238 79 1
163 121 1
433 38 1
213 144 1
66 28 1
252 145 1
320 87 1
170 155 1
23 101 0
308 80 1
106 177 1
118 87 1
98 89 0
253 182 1
80 58 1
194 159 0
384 87 1
33 38 0
303 127 0
13 79 1
316 31 1
331 127 1
47 186 1
67 63 1
170 122 1
383 28 1
291 47 1
274 191 1
180 158 1
106 126 1
22 121 0
177 117 1
117 147 0
402 61 1
236 38 1
169 53 1
169 56 1
214 183 0
361 54 0
402 17 1
236 119 1
91 53 1
119 35 0
201 15 1
170 142 1
432 182 1
96 191 1
176 44 0
331 177 1
348 87 1
106 136 1
437 148 1
433 150 1
144 58 1
279 55 0
15 111 0
217 172 0
374 87 1
247 179 0
209 87 1
402 12 1
54 152 0
410 99 0
415 121 1
365 140 0
199 87 1
121 146 0
170 0 1
292 136 0
236 145 1
243 144 1
308 23 1
331 39 1
437 146 1
201 20 1
106 1 1
106 169 0
402 190 1
437 4 1
249 87 1
170 127 1
281 41 0
392 63 1
379 87 1
254 121 1
97 53 1
355 79 1
150 63 0
96 83 1
400 58 1
48 53 1
103 28 1
180 126 0
392 35 0
395 125 0
437 155 1
455 11 1
435 79 1
105 82 1
426 186 1
197 56 1
202 36 0
331 29 1
383 19 1
383 11 1
241 28 1
46 87 1
440 8 0
217 28 1
453 88 1
29 53 1
301 96 0
1 106 1
201 126 1
241 88 1
170 45 1
170 39 1
378 121 1
168 124 0
349 105 0
83 138 0
410 186 1
221 9 0
400 28 1
214 58 1
410 87 1
170 93 1
106 107 1
170 20 1
444 124 1
434 49 0
432 119 0
450 83 0
120 105 1
455 87 1
437 43 1
234 59 0
325 42 1
278 87 1
17 128 0
291 125 1
96 28 1
442 63 1
201 67 1
9 79 1
15 79 1
140 77 1
399 77 0
54 42 1
228 2 0
409 77 1
437 72 1
111 63 1
22 191 1
56 77 1
88 77 1
438 87 1
391 57 0
171 176 0
165 58 1
152 156 1
157 28 1
70 56 1
115 87 1
437 71 1
354 54 0
436 76 0
340 87 1
152 150 1
446 177 0
143 150 0
381 58 1
415 18 0
114 76 0
170 67 1
405 182 1
143 42 1
331 36 1
381 81 0
241 106 1
172 140 1
23 182 1
454 38 1
11 56 1
44 191 0
347 127 0
191 28 1
230 58 1
345 87 1
241 150 1
81 77 1
87 102 0
298 87 1
227 87 1
119 87 1
73 35 1
162 37 0
273 48 0
188 5 1
298 145 1
117 77 1
96 87 1
106 45 1
106 68 1
396 87 1
134 60 0
282 111 0
454 70 1
219 23 0
271 105 0
437 99 1
407 28 1
358 79 1
170 21 1
201 162 1
437 1 1
122 56 1
45 28 1
344 89 1
186 129 0
252 19 1
170 113 0
455 28 1
113 172 0
428 58 1
378 191 1
39 53 1
344 70 1
291 191 1
261 144 1
170 112 1
95 173 0
449 45 0
122 87 1
20 82 1
415 106 1
334 87 1
331 94 1
416 78 0
361 77 1
437 92 1
111 161 1
201 170 1
437 18 1
34 53 1
402 56 1
97 87 1
331 99 1
291 88 1
179 63 1
178 175 0
285 140 0
281 172 1
414 13 0
169 85 1
336 86 1
415 88 1
331 13 1
52 60 0
251 77 1
291 114 1
147 1 0
245 87 1
236 181 1
237 53 1
109 61 0
251 129 0
80 105 1
437 0 1
201 37 1
100 94 0
443 165 0
124 109 0
112 53 1
85 156 0
24 186 1
75 121 1
196 145 0
344 166 1
203 156 0
365 56 1
165 152 0
92 87 1
270 177 0
388 82 1
201 4 1
202 28 1
314 63 1
308 101 0
125 86 1
294 77 1
260 135 0
326 105 1
170 164 1
212 191 1
148 8 0
201 153 1
366 28 1
422 105 1
106 99 1
406 161 1
79 86 1
15 87 1
36 87 1
373 191 1
331 0 1
106 154 1
116 164 0
86 79 1
298 86 1
222 131 0
402 33 1
437 24 1
201 148 1
223 28 1
331 104 1
94 48 0
455 97 1
408 191 1
371 124 1
396 133 0
173 10 0
299 71 0
320 187 0
59 79 1
325 140 1
331 21 1
155 23 0
291 181 1
392 140 1
455 191 1
170 133 1
333 119 0
253 73 0
232 175 0
331 120 1
175 95 0
170 37 1
201 149 1
232 58 1
382 87 1
331 6 1
39 87 1
55 87 1
149 76 0
170 54 1
307 121 0
241 134 1
57 28 1
53 182 1
161 27 0
423 38 0
52 86 1
194 87 1
160 77 1
131 56 1
195 182 1
292 31 1
95 5 1
153 53 1
291 156 1
3 23 1
70 53 1
45 183 0
192 137 0
433 183 1
437 154 1
383 27 1
11 72 0
437 36 1
306 88 1
430 58 1
218 87 1
437 163 1
106 15 1
455 52 1
201 112 1
403 79 1
437 104 1
433 28 1
297 134 1
170 113 1
236 134 1
384 88 1
241 56 1
426 63 0
201 2 1
398 130 0
235 56 1
280 86 1
338 72 0
424 69 0
67 161 1
253 121 1
201 13 1
415 87 1
229 87 1
58 127 0
331 107 1
277 87 1
249 79 0
61 79 1
184 168 0
268 191 1
348 84 0
331 41 1
47 173 1
179 42 1
201 41 1
403 73 0
359 28 1
437 172 1
428 23 0
257 152 0
145 58 1
106 172 1
60 53 1
437 159 1
160 67 0
444 53 1
344 28 1
73 145 1
86 82 0
453 174 0
57 80 0
103 124 0
427 87 1
248 100 0
79 56 1
273 86 1
271 87 1
106 71 1
375 77 1
84 105 1
108 149 0
170 147 1
308 181 1
224 87 1
414 44 1
357 87 1
106 179 1
152 11 1
6 85 0
142 28 1
35 28 1
331 34 1
437 153 1
111 42 1
44 82 1
106 116 1
170 94 1
198 87 1
106 43 1
192 77 1
67 42 1
99 87 1
383 38 1
445 182 1
166 182 1
36 122 0
418 42 1
75 182 1
213 86 1
91 87 1
66 146 0
135 186 1
139 162 0
134 28 1
383 144 0
201 127 1
352 186 1
455 141 1
65 77 1
170 28 1
431 56 1
414 88 1
360 87 1
448 91 0
1 73 0
419 82 1
154 147 0
3 150 1
433 145 1
258 121 1
180 70 1
191 193 0
73 191 1
170 13 1
257 86 1
69 64 0
170 143 1
195 58 1
271 79 1
201 18 1
363 99 0
454 28 1
364 32 0
0 58 1
64 106 0
203 56 1
165 105 1
281 88 1
314 140 1
131 28 1
201 175 1
238 87 1
451 87 1
201 54 1
313 58 1
170 24 1
201 142 1
221 87 1
407 97 0
252 106 1
223 130 0
226 182 1
311 95 1
213 55 0
59 62 0
255 87 1
170 76 1
125 87 1
2 124 1
286 77 1
106 51 1
437 164 1
282 58 1
213 87 1
96 26 1
128 87 1
174 158 1
331 154 1
308 38 1
402 23 1
158 58 1
106 72 1
311 19 1
231 87 1
292 28 1
224 49 0
73 19 1
179 113 0
252 88 1
242 77 1
291 106 1
194 95 1
352 56 1
67 140 1
170 162 1
13 70 1
453 186 1
186 88 1
32 63 1
140 93 0
304 89 0
120 69 0
397 105 1
106 143 1
453 53 1
441 137 1
167 87 1
130 83 0
179 161 1
416 87 1
241 87 1
390 104 0
404 125 0
332 19 1
86 87 1
123 87 1
210 79 1
170 71 1
165 182 1
126 77 1
291 87 1
155 28 1
291 32 1
346 149 0
387 58 1
201 107 1
280 58 1
437 179 1
388 4 0
180 141 1
372 138 0
426 87 1
237 26 0
270 28 1
112 87 1
111 162 0
297 87 0
335 139 0
353 58 1
454 118 1
208 28 1
425 20 0
402 187 1
298 29 0
168 82 1
226 172 0
173 191 1
331 18 1
291 28 1
383 181 1
97 106 1
319 53 1
61 87 1
151 4 0
298 88 1
152 87 1
172 161 1
106 115 1
143 161 1
329 144 1
91 56 1
437 175 1
344 19 1
291 102 1
236 58 1
288 87 1
423 105 1
413 69 0
323 86 1
241 186 0
239 123 0
236 150 1
170 107 1
443 79 1
136 34 0
138 99 0
137 87 1
201 94 1
331 4 1
36 28 1
308 191 1
272 86 0
201 164 1
196 87 1
185 82 1
331 112 1
235 125 0
291 121 1
66 186 1
222 140 1
31 29 0
204 88 1
132 95 1
174 191 1
331 116 1
201 143 1
308 88 1
331 155 1
219 158 1
245 2 0
80 58 0
357 86 1
47 3 0
356 77 0
353 87 1
83 87 1
170 60 1
152 180 1
252 20 0
13 38 1
3 191 1
377 107 0
439 86 1
106 113 1
295 182 1
423 86 1
13 170 0
56 112 0
324 87 1
411 58 1
344 105 1
455 134 1
187 58 1
328 58 1
397 147 0
59 87 1
170 51 1
12 154 0
106 139 1
393 143 0
45 87 1
331 163 1
318 77 1
236 87 1
13 86 1
200 28 1
364 77 1
169 142 0
256 71 0
186 129 1
143 63 1
170 43 1
184 5 1
201 34 1
32 161 1
170 159 1
324 60 0
241 85 1
287 106 1
3 110 1
428 105 1
296 56 1
359 24 0
230 121 1
291 166 1
129 28 1
437 112 1
243 104 0
75 26 0
145 121 0
22 158 1
201 104 1
291 111 1
331 55 1
307 87 1
48 52 0
141 24 0
10 135 0
121 58 1
73 143 0
11 86 1
291 145 1
106 122 1
367 53 1
437 162 1
331 162 1
381 105 1
74 79 1
45 56 1
407 56 1
398 121 1
273 87 1
369 56 1
455 38 1
155 181 1
367 119 0
19 6 0
96 67 1
437 107 1
156 105 1
153 79 1
55 140 0
201 92 1
314 124 0
97 180 0
442 177 0
38 99 0
339 28 1
331 67 1
433 57 1
