85 87 1
105 82 1
367 87 1
134 97 0
106 93 1
189 56 1
437 93 1
439 82 0
43 87 1
318 77 1
310 105 1
150 58 1
426 87 1
73 70 1
170 93 1
264 69 0
169 85 1
278 87 1
331 104 1
234 31 0
358 79 1
156 129 0
241 28 1
238 79 1
241 19 1
106 72 1
352 186 1
263 87 1
289 39 0
371 116 0
280 86 1
118 122 0
105 110 0
343 28 1
8 77 1
194 112 0
173 70 1
106 18 1
425 186 0
98 105 1
106 172 1
77 79 1
437 68 1
131 87 1
307 1 0
424 105 1
437 159 1
335 165 0
438 87 1
308 151 1
371 87 1
201 0 1
104 75 0
455 141 1
268 162 0
333 11 0
23 191 1
66 28 1
315 25 0
78 87 1
331 21 1
65 90 0
186 87 1
197 87 1
249 87 1
284 5 1
3 23 1
437 113 1
226 86 1
188 5 1
213 28 1
252 158 1
293 167 0
120 105 1
79 87 1
57 121 1
413 184 0
305 48 0
450 26 0
266 59 0
388 82 1
106 91 1
437 37 1
45 53 1
147 149 0
281 172 1
437 107 1
201 179 1
383 130 1
441 146 0
215 87 1
106 163 1
455 180 1
383 27 1
204 88 1
161 53 1
275 70 0
308 70 1
442 161 1
377 87 1
291 56 1
170 126 1
66 186 1
310 121 1
443 14 0
383 180 0
64 5 1
27 144 0
155 56 1
263 56 0
307 28 1
371 28 1
437 48 1
106 154 1
165 59 0
323 86 1
140 172 0
124 68 0
344 166 1
118 87 1
454 118 1
236 119 1
201 37 1
106 60 1
298 87 1
20 173 0
443 79 1
437 41 1
349 63 0
97 106 1
3 163 0
455 74 1
131 53 0
170 154 1
143 42 1
289 5 1
331 113 1
106 120 1
331 153 1
160 160 0
434 68 0
226 28 1
339 28 1
437 155 1
326 168 0
106 1 1
455 19 1
285 87 1
21 28 1
271 132 0
375 116 0
95 5 1
378 191 1
170 172 1
387 86 1
291 49 1
331 6 1
310 160 0
170 22 1
252 124 1
359 125 0
99 87 1
318 180 0
274 87 1
331 94 1
170 15 1
317 35 0
414 190 1
328 10 0
209 87 1
391 124 0
234 58 1
136 28 1
234 182 1
275 121 1
201 148 1
205 132 0
106 175 1
278 79 1
237 87 1
413 79 1
331 37 1
178 77 1
389 138 0
169 158 0
334 87 1
147 87 1
437 20 1
291 191 1
170 163 1
437 65 1
326 105 1
342 173 1
406 30 0
299 182 1
33 87 1
437 127 1
439 121 1
304 15 0
76 105 1
109 93 0
67 165 0
178 106 0
344 88 1
166 119 0
390 60 0
446 77 1
300 19 0
76 28 1
405 182 1
384 87 1
379 99 0
258 121 1
437 171 1
325 140 1
170 4 1
410 87 1
150 8 0
86 82 0
310 182 1
259 79 1
332 70 1
319 79 1
437 164 1
147 79 1
137 79 1
259 26 0
331 60 1
145 183 0
55 161 0
24 186 1
320 87 1
383 156 1
344 165 1
113 58 1
170 69 1
425 77 1
410 92 0
354 87 1
170 99 1
258 87 1
201 41 1
53 153 0
74 56 1
374 170 0
68 46 1
201 15 1
37 53 1
204 87 0
201 153 1
201 72 1
272 28 1
19 38 0
252 144 1
277 156 0
362 77 1
453 87 1
149 123 0
17 63 1
116 96 0
172 121 0
170 104 1
324 113 0
331 67 1
392 91 0
212 105 1
374 144 1
72 40 0
2 87 1
9 144 1
426 55 0
201 122 1
106 104 1
395 170 0
355 79 1
291 11 1
98 6 0
331 72 1
186 88 1
357 86 1
51 181 0
196 87 1
90 40 0
29 131 0
25 87 1
433 90 1
232 58 1
214 121 1
112 147 0
312 28 1
201 159 1
153 53 1
230 86 1
40 77 1
113 121 1
455 111 1
114 77 1
170 51 1
337 31 1
337 87 1
354 53 1
106 136 1
275 105 1
179 87 0
352 87 1
310 87 1
201 155 1
437 126 1
400 28 1
51 79 1
31 45 0
138 27 0
270 28 1
345 56 1
243 144 1
444 86 1
384 106 1
312 166 1
191 156 0
0 185 0
448 77 1
101 87 1
197 56 1
335 82 1
273 15 0
265 106 1
383 106 1
344 145 1
104 56 1
199 87 1
331 112 1
261 144 1
394 82 1
229 85 0
437 182 0
170 34 1
204 119 1
170 147 1
195 182 1
142 28 1
230 191 1
331 177 1
344 151 1
80 28 1
400 58 1
331 159 1
437 139 1
291 183 1
402 102 1
365 178 0
292 87 1
270 79 1
284 164 0
76 39 0
429 72 0
430 58 1
113 145 0
180 19 1
423 86 1
53 182 1
291 102 1
130 77 1
120 22 0
175 28 1
254 121 1
45 28 1
308 19 1
80 130 0
455 168 1
274 82 1
170 116 1
43 123 0
269 79 1
317 191 1
361 77 1
120 58 1
327 99 0
50 179 0
208 135 0
308 166 1
441 137 1
61 79 1
291 28 1
261 56 1
38 0 0
91 64 1
24 125 0
145 58 1
331 107 1
165 58 1
201 76 1
446 97 0
379 87 1
330 89 0
445 32 0
283 113 0
180 46 0
291 57 0
308 191 1
122 94 0
340 86 1
4 107 0
106 112 1
51 87 1
150 182 1
170 160 0
354 186 0
265 111 0
417 58 1
257 1 0
201 93 1
106 36 1
291 114 1
257 86 1
331 2 1
106 93 0
437 104 1
407 56 1
308 192 1
123 28 0
370 87 1
422 105 1
106 170 1
384 8 0
120 182 1
309 191 0
437 116 1
67 140 1
151 87 1
94 129 0
361 121 0
344 66 1
170 143 1
87 12 0
402 88 1
131 28 1
271 79 1
54 72 0
310 191 1
348 56 1
201 127 1
170 179 1
36 28 1
106 107 1
433 134 1
346 191 0
344 105 1
255 174 0
197 173 0
263 19 1
339 175 0
344 70 1
111 137 0
423 136 0
440 88 1
13 19 1
351 9 0
111 42 1
249 86 1
125 53 1
194 87 1
55 87 1
250 184 0
455 191 1
252 88 1
348 158 0
400 8 0
362 105 0
437 99 1
73 191 1
151 113 0
291 119 1
201 24 1
285 124 1
32 42 1
11 87 1
356 28 1
108 134 1
434 191 1
201 120 1
380 62 0
308 181 1
35 172 0
331 55 1
418 63 1
290 87 1
440 32 0
212 52 0
138 79 1
100 82 1
383 145 1
94 87 1
453 38 1
91 53 1
331 146 1
331 22 1
402 85 1
211 67 0
169 28 1
201 177 1
202 12 0
369 87 1
174 158 1
331 162 1
331 147 1
213 123 0
28 43 0
93 35 0
198 14 0
201 34 1
278 53 1
383 96 1
331 164 1
311 19 1
201 71 1
402 3 1
240 77 1
42 5 1
172 161 1
414 88 1
435 79 1
86 87 1
276 86 0
246 159 0
189 87 1
77 19 1
170 0 1
27 31 1
306 88 1
301 35 0
112 79 1
403 5 0
13 82 0
135 87 1
142 66 0
419 48 0
43 191 1
442 42 1
265 28 1
344 87 1
15 79 1
282 129 0
348 28 1
75 145 0
71 28 1
356 53 0
48 87 1
269 117 0
186 70 0
110 87 1
282 105 1
426 186 1
432 187 0
331 179 1
256 118 0
44 135 0
455 166 1
343 87 1
437 43 1
345 45 0
407 173 1
87 191 1
32 63 1
236 188 1
301 77 1
13 38 1
183 119 0
182 87 1
433 193 0
241 84 0
236 85 1
432 182 1
241 90 1
141 146 0
291 131 1
74 179 0
274 156 0
423 105 1
312 34 0
349 77 1
417 187 0
201 147 1
236 156 1
383 88 1
450 87 1
302 74 0
329 144 1
172 42 1
344 177 0
170 68 1
316 70 0
223 56 1
204 28 1
438 19 0
213 86 1
106 94 1
340 87 1
302 191 1
158 58 1
294 117 0
363 95 0
102 129 0
153 77 0
344 28 1
230 58 1
236 180 1
190 87 1
92 109 1
241 87 1
331 69 1
106 92 1
19 77 1
442 140 1
272 191 0
108 145 0
402 32 1
199 113 0
77 56 1
101 76 0
126 93 0
163 58 1
96 87 1
171 110 0
77 95 0
331 120 0
162 25 0
280 58 1
223 87 1
205 87 1
173 191 1
237 56 1
149 87 1
121 65 0
437 143 1
433 181 1
308 23 1
198 16 1
437 142 1
106 45 1
13 95 1
170 41 1
180 70 1
156 105 1
224 40 0
2 124 1
26 28 1
201 39 1
152 180 1
291 38 1
170 24 1
453 53 1
106 15 1
277 87 1
449 35 0
306 71 0
331 48 1
277 28 1
186 129 1
180 9 1
201 154 1
359 28 1
353 87 1
106 164 1
383 28 1
181 35 0
17 42 1
36 87 1
229 87 1
125 51 0
106 67 1
156 58 1
297 117 0
91 99 0
137 87 1
454 84 1
308 100 1
102 79 1
60 53 1
411 121 1
152 156 1
194 95 1
236 150 1
437 4 1
437 177 1
71 79 1
316 31 1
1 12 0
236 14 1
440 87 1
331 65 1
32 84 0
155 87 1
96 67 1
440 106 1
22 158 1
129 46 0
433 87 1
106 34 1
454 56 1
323 100 0
352 136 0
212 87 1
396 87 1
182 30 0
437 133 1
204 44 1
89 86 1
244 144 0
451 87 1
201 60 1
94 53 1
16 82 1
48 171 0
437 39 1
188 140 0
344 23 1
235 87 1
275 182 1
437 18 1
67 161 1
429 77 1
331 92 1
106 37 1
201 126 1
424 121 1
166 182 1
9 84 0
333 88 1
455 103 1
308 185 1
376 87 1
128 87 1
241 191 1
25 6 0
241 134 1
331 148 1
203 56 1
201 183 0
37 80 0
334 161 0
238 87 1
183 28 1
83 52 0
276 87 1
177 117 1
66 148 0
170 149 1
358 106 1
280 33 0
442 77 0
291 111 1
306 87 1
155 106 1
170 55 1
246 56 1
274 191 1
319 53 1
92 87 1
81 143 0
152 53 1
118 28 1
47 55 0
170 79 1
401 154 0
304 64 1
164 87 1
74 74 1
333 144 1
153 87 1
455 118 1
427 191 1
386 63 1
85 147 0
153 79 1
278 56 1
332 75 0
262 159 0
82 79 1
328 58 1
205 56 1
69 125 0
96 79 0
331 41 1
437 153 1
245 87 1
202 87 1
86 79 1
331 4 1
106 139 1
54 42 1
411 58 1
279 79 1
173 28 1
134 28 1
414 59 0
325 63 1
308 87 1
439 86 1
402 176 1
52 86 1
431 134 0
237 28 0
437 149 1
171 77 1
106 116 1
292 28 1
170 54 1
187 58 1
437 1 1
392 28 1
286 27 0
130 0 0
455 38 1
342 18 0
409 11 0
287 106 1
201 172 1
159 54 0
351 86 1
236 144 1
184 5 1
437 115 1
350 56 1
214 129 0
437 67 1
437 60 1
113 191 1
254 28 1
428 14 0
308 80 1
291 103 1
170 72 1
173 168 0
238 63 0
304 87 1
407 28 1
422 58 1
279 117 0
331 142 1
106 159 1
223 55 0
73 108 1
175 140 1
42 20 0
242 142 0
200 56 1
207 28 1
436 77 0
331 18 1
13 191 1
104 82 1
5 173 1
5 62 0
292 31 1
416 107 0
63 138 0
170 48 1
90 87 1
119 56 1
255 56 1
73 134 1
148 121 1
196 152 0
455 145 1
437 179 1
231 79 1
170 175 1
79 60 0
420 87 1
96 166 1
397 105 1
80 182 1
444 124 1
94 86 1
219 155 0
201 146 1
252 28 1
397 28 1
235 56 1
391 87 1
278 77 0
201 143 1
135 110 0
246 87 1
170 127 1
407 172 0
222 99 0
344 191 1
241 145 1
22 56 1
45 87 1
236 26 0
173 19 1
402 86 1
180 141 1
187 58 0
179 42 1
93 28 1
215 136 0
224 87 1
106 24 1
378 58 1
344 38 1
350 142 0
291 150 1
416 87 1
119 87 1
433 106 1
162 87 1
369 74 0
176 49 0
170 177 1
58 77 1
313 58 1
11 38 1
402 28 1
222 140 1
90 56 1
106 51 1
201 1 1
201 115 1
170 146 1
155 124 0
96 145 1
383 181 1
158 105 1
288 87 1
49 188 0
170 18 1
92 36 0
427 87 1
56 135 0
258 183 0
350 87 1
331 139 1
77 70 1
152 87 1
367 136 0
399 105 1
194 28 1
170 159 1
15 26 0
170 153 1
412 56 1
152 150 1
7 82 1
325 42 1
392 140 1
423 182 1
331 175 1
402 61 1
106 55 1
376 64 0
401 79 1
331 71 1
344 124 1
6 137 0
154 87 1
331 39 1
303 43 0
116 87 1
98 58 1
192 125 0
206 87 1
170 136 1
210 78 0
199 53 1
170 45 1
201 55 1
3 150 1
201 113 1
437 0 1
106 6 1
111 79 1
30 1 0
405 77 0
383 167 1
356 53 1
70 108 0
54 63 1
201 163 1
122 87 1
263 73 1
144 182 0
96 7 1
11 159 0
437 24 1
88 99 0
82 134 0
73 180 1
368 158 1
9 56 1
437 162 1
78 144 1
96 56 1
308 102 1
185 189 0
206 164 0
408 128 0
193 121 1
308 119 1
156 121 1
417 105 1
265 87 1
247 70 0
144 58 1
179 63 1
106 22 1
427 80 0
174 109 0
241 88 1
165 105 1
225 157 0
236 134 1
99 54 0
79 86 1
402 19 1
452 53 1
127 42 1
149 56 1
217 31 0
228 140 1
389 82 1
69 87 1
15 87 1
309 86 1
373 77 0
433 27 1
195 113 0
231 87 1
237 53 1
158 178 0
273 86 1
82 56 1
163 182 1
106 65 1
52 130 0
133 28 1
170 6 1
64 81 0
402 56 1
241 40 1
45 181 1
368 135 0
236 70 1
437 21 1
433 88 1
412 53 1
274 181 1
431 87 1
353 58 1
11 56 1
386 192 0
169 19 1
241 150 1
430 105 1
96 191 1
152 46 1
170 43 1
201 170 1
287 146 0
106 48 1
395 77 1
268 58 1
122 56 1
236 19 1
239 184 1
201 175 1
398 178 0
322 27 0
37 87 1
49 56 1
204 106 1
4 182 1
285 128 0
402 87 1
84 130 0
227 87 1
191 87 1
84 105 1
276 53 1
454 124 1
325 24 0
59 79 1
331 24 1
96 83 1
298 23 0
132 95 1
37 28 1
274 56 1
420 60 0
133 37 0
201 99 1
236 27 1
407 87 1
201 68 1
97 87 1
290 127 0
218 114 0
104 87 1
106 162 1
433 151 1
229 79 1
437 76 1
201 29 1
201 107 1
455 71 0
234 121 1
180 158 1
176 58 1
201 92 1
287 172 1
424 27 0
331 36 1
449 77 1
186 56 1
347 87 1
200 27 0
341 126 0
139 159 0
35 28 1
407 31 1
183 56 1
430 54 0
170 113 1
0 28 1
125 86 1
134 121 1
106 2 1
13 70 1
406 161 1
233 34 0
255 87 1
31 105 1
106 13 1
241 70 1
293 77 1
233 87 1
314 140 1
252 165 1
402 17 1
454 106 1
252 40 1
433 145 1
236 141 1
417 182 1
338 142 0
313 107 0
353 175 0
295 182 1
106 143 1
454 38 1
433 57 1
17 27 0
73 150 1
331 143 1
291 95 1
435 127 0
228 63 1
308 28 1
437 34 1
249 168 0
344 89 1
71 86 1
18 28 1
291 88 1
383 169 1
257 58 1
62 28 1
236 35 1
264 58 1
96 189 1
67 42 1
451 73 0
96 28 1
170 148 1
433 28 1
422 128 0
243 95 0
106 115 1
13 86 1
208 87 1
269 87 1
223 186 1
203 87 1
146 28 1
453 88 1
437 148 1
247 161 1
183 87 1
387 28 0
10 28 1
419 49 1
201 18 1
143 161 1
402 59 1
106 148 1
296 97 0
291 70 1
106 153 1
418 140 1
73 19 1
393 87 1
300 82 1
367 166 1
286 77 1
311 95 1
372 36 0
415 106 1
96 157 1
241 131 1
43 182 1
254 105 1
383 11 1
179 140 1
30 86 1
308 101 1
135 56 1
251 147 0
201 69 1
390 87 1
404 44 0
113 105 1
181 87 1
170 21 1
271 87 1
45 56 1
291 87 1
426 56 1
407 79 1
402 187 0
59 17 0
292 88 0
73 87 1
179 87 1
177 191 1
340 148 0
331 76 1
371 144 1
253 58 1
20 82 1
191 28 1
274 106 1
168 190 0
308 160 1
359 56 1
260 170 0
32 161 1
308 88 1
213 87 1
455 40 1
236 58 1
81 77 1
423 58 1
186 53 1
167 135 0
305 79 1
366 94 0
184 135 0
106 142 1
201 67 1
411 161 0
402 138 1
332 87 1
201 133 1
394 101 0
201 65 1
72 121 1
355 161 0
75 121 1
423 87 1
110 144 1
308 38 1
326 58 1
381 58 1
236 118 1
370 50 0
431 56 1
292 56 1
33 144 0
437 45 1
331 93 1
331 149 1
91 87 1
393 147 0
136 172 0
79 56 1
170 92 1
89 82 0
170 171 1
221 87 1
106 41 1
450 56 1
437 72 1
437 55 1
261 87 1
170 139 1
281 29 0
268 191 1
163 121 1
343 106 0
110 80 0
121 58 1
84 121 1
314 42 1
170 20 1
327 58 1
408 181 1
170 142 1
57 116 0
12 87 1
65 77 1
314 161 1
189 132 0
201 6 1
308 180 1
331 170 1
331 120 1
442 63 1
245 164 0
331 13 1
170 115 1
190 95 1
437 170 1
253 152 0
241 119 1
107 28 0
331 51 1
254 179 0
252 87 1
235 144 0
383 165 1
322 28 1
70 56 1
291 180 1
369 53 1
143 38 0
23 46 0
29 87 1
402 33 1
170 29 1
455 151 1
124 87 1
236 28 1
455 106 1
360 25 0
220 157 0
97 8 0
297 134 1
7 113 0
14 154 0
418 161 1
329 146 0
74 87 1
210 79 1
406 63 1
163 123 0
63 77 1
106 146 1
331 45 1
444 53 1
274 75 1
311 155 0
157 53 1
201 136 1
201 48 1
345 87 1
236 38 1
41 82 1
291 125 1
308 85 1
363 87 1
291 166 1
345 186 1
437 146 1
344 118 1
336 117 0
211 87 1
336 86 1
415 121 1
323 28 1
201 149 1
124 79 1
10 54 0
236 25 1
262 28 1
437 175 1
236 78 1
13 79 1
106 179 1
203 71 0
201 164 1
299 22 0
8 7 0
26 73 0
291 106 1
67 63 1
331 154 1
170 60 1
377 123 0
378 137 0
264 121 1
241 166 1
437 91 1
22 68 0
358 69 0
95 28 0
170 28 1
437 112 1
399 122 0
61 49 0
454 180 1
374 87 1
3 19 1
68 57 0
366 28 1
356 87 1
320 69 0
454 28 1
455 52 1
47 186 1
433 150 1
75 182 1
72 182 1
448 49 0
321 89 0
39 87 1
437 51 1
198 87 1
324 87 1
219 158 1
337 78 0
330 82 1
161 135 0
236 151 1
232 62 0
288 53 1
291 19 1
418 165 0
73 33 1
434 121 1
141 87 1
260 77 1
414 44 1
111 140 1
21 2 0
73 28 1
157 56 1
236 88 1
392 161 1
236 30 1
403 79 1
455 87 1
112 186 1
230 41 0
167 56 1
308 106 1
155 28 1
230 28 1
148 50 0
106 68 1
106 54 1
433 125 1
400 121 1
41 153 0
6 28 1
433 183 1
135 186 1
381 61 0
170 162 1
415 87 1
392 63 1
402 23 1
364 182 0
248 87 1
34 84 0
291 165 1
96 10 1
236 191 1
433 144 1
307 87 1
454 33 0
455 28 1
252 38 1
455 150 1
39 134 0
170 2 1
285 88 1
428 105 1
170 65 1
382 165 0
59 87 1
12 4 0
175 191 0
170 122 1
154 33 0
36 173 0
267 82 1
244 86 1
437 13 1
60 139 0
433 158 1
452 87 1
252 106 1
96 26 1
325 161 1
347 162 0
404 28 1
328 121 1
201 104 1
281 88 1
421 25 0
123 87 1
23 182 1
357 87 1
0 121 1
109 82 1
239 156 0
427 86 1
227 65 0
168 82 1
170 39 1
201 91 1
455 97 1
106 29 1
357 95 0
201 116 1
155 191 1
257 121 1
96 152 1
195 121 1
423 121 1
34 86 1
383 38 1
331 20 1
137 121 0
253 182 1
169 56 1
193 58 1
106 0 1
341 121 1
35 87 1
16 11 0
12 186 1
114 45 0
228 60 0
331 54 1
231 28 1
170 107 1
125 87 1
170 164 1
154 53 1
298 8 1
408 191 1
402 174 1
201 112 1
261 14 0
437 136 1
47 56 1
338 82 1
410 186 1
107 87 1
302 182 1
96 93 1
437 154 1
159 134 1
73 88 1
201 139 1
331 91 1
444 156 0
402 178 1
346 77 1
128 60 0
106 4 1
18 37 0
437 69 1
282 86 1
106 171 1
319 41 0
250 77 1
117 43 0
71 112 0
47 173 1
236 87 1
228 161 1
106 71 1
241 103 1
193 162 0
73 79 1
437 36 1
437 54 1
336 182 1
402 12 1
174 191 1
96 176 1
331 115 1
241 106 1
447 3 0
437 92 1
415 184 0
45 77 0
157 11 0
115 87 1
139 87 1
344 134 1
226 165 0
437 29 1
371 124 1
106 69 1
177 76 0
50 87 1
62 80 0
164 116 0
236 98 1
374 53 1
170 67 1
48 53 1
46 159 0
434 58 1
241 56 1
78 111 0
252 191 1
221 49 0
387 58 1
106 127 1
384 88 1
78 79 1
455 158 1
291 27 1
329 87 1
27 56 1
314 165 0
303 87 1
291 118 1
274 53 1
280 28 1
244 58 1
106 21 1
291 124 1
372 87 1
201 142 1
245 191 1
295 95 0
248 94 0
111 56 1
437 120 1
106 76 1
331 1 1
2 68 0
242 77 1
455 128 1
453 36 0
365 56 1
288 119 0
170 155 1
291 158 1
383 87 1
396 116 0
329 56 1
292 79 1
98 121 1
