281 56 1
106 67 0
423 121 1
448 143 0
106 22 1
383 28 1
223 32 0
419 47 0
258 87 1
6 28 1
360 87 1
439 94 0
357 42 0
192 77 1
437 71 1
444 53 1
71 28 1
383 145 1
177 28 1
437 1 1
237 87 1
238 87 1
106 143 1
4 182 1
410 87 1
174 12 0
170 127 1
218 87 1
323 28 1
308 28 1
238 21 0
331 179 1
236 87 1
373 58 1
18 166 0
170 142 1
402 88 1
98 121 1
93 84 0
426 129 0
340 129 0
173 28 1
258 121 1
383 19 1
201 43 1
291 191 1
321 82 1
133 69 0
207 37 0
452 87 1
349 77 1
433 125 1
188 5 1
336 182 1
217 28 1
314 110 0
201 148 1
437 116 1
344 114 0
374 144 1
253 168 0
295 138 0
170 153 1
441 178 0
411 28 1
331 20 1
106 34 1
369 53 1
331 68 1
153 79 1
202 185 0
134 28 1
16 82 1
65 115 0
236 145 1
96 56 1
437 104 1
423 182 1
235 87 1
330 82 1
241 40 1
344 66 1
33 87 1
157 187 0
274 87 1
155 181 1
308 151 1
170 28 1
236 156 1
437 94 1
229 87 1
252 144 1
68 123 1
325 94 0
264 58 1
80 182 1
103 28 1
314 140 1
73 35 1
228 161 1
97 53 1
295 182 1
51 79 1
173 19 1
311 81 0
131 87 1
326 155 0
106 127 1
165 182 1
134 15 0
437 172 1
431 185 0
409 69 0
183 87 1
344 124 1
114 10 0
291 183 1
179 121 0
106 162 1
212 58 1
29 87 1
432 58 1
106 65 1
225 82 1
452 180 0
311 19 1
100 82 1
437 175 1
176 58 1
127 119 0
353 58 1
332 19 1
332 87 1
405 182 1
51 86 0
344 70 1
425 77 1
369 87 1
177 191 1
155 56 1
437 51 1
170 72 1
106 21 1
217 59 0
113 58 1
455 125 1
277 138 0
71 134 0
331 61 0
331 36 1
5 14 0
437 0 1
175 193 0
383 167 1
373 77 0
106 94 1
138 79 1
160 77 1
80 35 0
260 77 1
200 28 1
208 167 0
265 28 1
364 77 1
236 25 1
370 181 0
344 166 1
104 28 1
417 58 1
88 77 1
305 93 0
107 80 0
291 111 1
341 72 0
155 191 1
427 87 1
184 5 1
278 0 0
315 116 0
437 163 1
397 187 0
263 73 1
106 154 1
299 182 1
262 154 0
422 71 0
433 90 1
255 56 1
22 28 1
410 190 0
426 56 1
298 86 1
356 53 1
247 140 1
327 105 1
157 28 1
170 13 1
351 86 1
80 105 1
374 53 1
437 21 1
406 63 1
64 59 0
2 124 1
331 163 1
283 79 1
55 163 0
63 86 0
202 28 1
4 105 1
237 28 1
396 63 0
181 87 1
421 98 0
138 106 0
344 132 1
344 62 1
54 161 1
433 151 1
96 67 1
184 126 0
0 191 1
111 161 1
331 48 1
374 113 0
434 191 1
308 80 1
179 87 1
124 108 0
331 122 1
106 48 1
120 58 1
119 56 1
201 122 1
331 112 1
155 87 1
381 58 1
189 126 0
204 44 1
371 28 1
170 43 1
82 79 1
201 45 1
85 18 0
136 28 1
271 79 1
28 102 0
284 5 1
324 63 0
99 35 0
241 121 1
95 177 0
455 118 1
272 145 0
77 56 1
193 121 1
170 48 1
383 181 1
234 121 1
78 87 1
433 144 1
104 87 1
331 159 1
80 86 1
40 77 1
170 136 1
308 150 1
15 86 1
219 185 0
310 105 1
291 150 1
453 53 1
73 191 1
331 113 1
290 87 1
170 37 1
31 105 1
29 36 0
231 79 1
43 87 1
143 140 1
49 137 0
262 28 1
390 5 0
106 91 1
60 87 1
440 88 1
419 49 1
286 109 0
407 31 1
236 27 1
312 166 1
268 38 0
281 172 1
437 133 1
73 146 0
252 165 1
344 134 1
121 121 1
350 87 1
338 37 0
298 8 1
437 2 1
260 2 0
92 87 1
84 105 1
454 70 1
437 148 1
23 34 0
161 53 1
240 191 0
427 122 0
14 87 1
132 26 0
318 77 1
89 56 1
41 160 0
378 85 0
276 18 0
225 97 0
63 77 1
167 166 0
17 42 1
263 19 1
201 177 1
70 53 1
343 88 1
291 11 1
110 87 1
43 191 1
386 145 0
157 53 1
213 86 1
280 4 0
201 4 1
179 140 1
170 126 1
213 144 1
201 41 1
353 142 0
176 152 0
372 87 1
11 86 1
118 191 1
279 87 1
170 91 1
331 142 1
241 106 1
73 88 1
170 36 1
270 83 0
331 107 1
344 23 1
95 5 1
204 88 1
376 87 1
454 106 1
437 162 1
106 71 1
406 136 0
213 142 0
114 77 1
87 191 1
212 33 0
291 28 1
400 182 1
252 118 1
50 123 0
404 28 1
362 26 0
384 86 1
186 88 1
291 181 1
43 182 1
245 191 1
437 139 1
347 75 0
400 28 1
11 38 1
201 20 1
331 0 1
431 56 1
113 121 1
185 40 0
359 133 0
383 11 1
247 121 0
205 56 1
257 121 1
92 117 0
402 86 1
433 134 1
375 77 1
267 82 1
212 86 1
417 105 1
437 43 1
298 145 1
22 191 1
314 63 1
308 192 1
455 28 1
90 56 1
307 28 1
300 192 0
402 174 1
422 105 1
345 186 1
215 87 1
288 87 1
134 121 1
308 87 1
186 87 1
150 182 1
409 77 1
209 87 1
332 70 1
390 87 1
201 139 1
110 144 1
96 22 1
170 179 1
274 43 0
173 70 1
367 166 1
72 121 1
172 161 1
308 102 1
396 87 1
344 28 1
291 87 1
35 87 1
428 1 0
310 182 1
22 99 0
371 87 1
83 90 0
382 71 0
427 191 1
344 145 1
437 107 1
310 191 1
201 29 1
354 87 1
365 9 0
100 58 0
236 150 1
233 0 0
384 88 1
311 95 1
252 40 1
325 63 1
244 182 1
39 97 0
156 105 1
154 53 1
230 28 1
236 35 1
323 121 1
241 38 1
236 118 1
78 79 1
165 21 0
13 86 1
172 63 1
327 58 1
263 87 1
407 103 0
307 87 1
344 191 1
434 93 0
291 103 1
106 41 1
193 110 0
126 77 1
444 160 0
182 87 1
365 56 1
91 87 1
328 121 1
455 158 1
252 88 1
111 56 1
59 79 1
94 87 1
69 87 1
158 64 0
165 105 1
331 164 1
331 148 1
153 106 1
368 12 0
250 160 0
287 172 1
242 180 0
50 87 1
201 113 1
201 65 1
325 161 1
19 173 0
73 33 1
331 146 1
353 87 1
75 121 1
27 173 1
201 170 1
158 121 1
236 191 1
8 1 0
402 50 1
328 105 1
161 189 0
440 87 1
245 66 0
434 105 1
34 86 1
294 87 0
455 134 1
3 19 1
437 72 1
195 58 1
355 149 0
241 85 1
173 17 0
168 177 0
221 108 0
437 177 1
440 158 0
251 77 1
129 177 0
91 56 1
434 182 1
120 105 1
118 81 0
135 56 1
342 173 1
215 188 0
331 39 1
331 136 1
16 165 0
292 28 1
416 71 0
287 106 1
338 82 1
291 38 1
383 87 1
358 64 0
143 169 0
366 87 1
139 99 0
172 43 0
166 93 0
46 87 1
27 31 1
236 18 0
247 42 1
186 53 1
91 64 1
398 121 1
232 58 1
418 161 1
201 140 0
437 18 1
419 82 1
15 79 1
318 7 0
285 124 1
442 63 1
437 22 1
331 177 1
61 87 1
44 82 1
391 174 0
414 61 0
67 161 1
106 147 1
79 106 0
319 79 1
142 157 0
28 58 1
182 72 0
104 82 1
413 79 1
433 28 1
264 121 1
380 87 1
303 87 1
282 66 0
41 82 1
24 87 1
226 182 1
357 87 1
236 180 1
211 79 1
226 86 1
31 60 0
45 53 1
2 83 0
152 53 1
240 77 1
437 39 1
454 180 1
402 85 1
398 89 0
248 87 1
308 160 1
113 191 1
201 93 1
90 87 1
433 88 1
292 2 0
427 86 1
111 87 1
307 104 0
308 185 1
96 176 1
387 86 1
126 85 0
414 87 1
115 192 0
46 80 0
402 102 1
48 53 1
47 56 1
169 85 1
153 87 1
170 148 1
74 47 0
187 105 1
130 60 0
424 95 0
73 145 1
141 169 0
331 43 1
428 191 1
291 32 1
376 172 0
239 141 0
102 69 0
436 105 1
241 166 1
385 87 1
383 169 1
8 77 1
236 85 1
32 140 1
190 87 1
96 83 1
352 87 1
106 13 1
455 11 1
331 41 1
38 79 1
106 99 1
201 163 1
261 144 1
78 149 0
212 105 1
384 120 0
433 119 0
106 177 1
106 116 1
170 156 0
412 33 0
248 171 0
438 50 0
0 28 1
98 105 1
428 105 1
298 106 1
101 87 1
348 87 1
453 106 1
229 117 0
170 92 1
206 163 0
137 87 1
418 42 1
291 156 1
304 94 0
335 168 0
106 113 1
106 142 1
156 121 1
24 86 1
213 28 1
329 87 1
170 143 1
32 141 0
246 107 0
131 56 1
298 167 0
313 47 0
371 56 1
85 87 1
71 86 1
7 182 0
170 67 1
442 42 1
186 106 1
367 172 0
159 175 0
87 169 0
169 145 1
331 24 1
437 122 1
203 87 1
395 77 1
308 85 1
442 140 1
24 110 0
198 128 0
124 79 1
241 150 1
331 99 1
249 86 1
282 58 1
296 56 1
232 84 0
94 53 1
454 53 1
355 79 1
339 118 0
437 69 1
24 186 1
430 31 0
163 187 0
301 191 0
9 79 1
437 153 1
403 130 0
331 175 1
201 171 1
37 87 1
17 161 1
236 188 1
27 56 1
397 28 1
402 135 1
201 76 1
384 106 1
178 77 1
204 2 0
433 181 1
11 87 1
267 25 0
277 28 1
454 28 1
220 77 1
83 87 1
201 6 1
9 87 1
150 58 1
1 106 1
454 124 1
86 185 0
195 182 1
107 87 1
378 121 1
299 132 0
106 171 1
330 6 0
415 121 1
328 145 0
241 160 1
287 166 0
80 28 1
197 56 1
388 180 0
143 161 1
131 138 0
336 184 0
201 92 1
252 124 1
244 166 0
74 74 1
302 191 1
395 40 0
331 72 1
392 28 1
52 68 0
226 126 0
377 87 1
335 82 1
96 8 0
241 70 1
309 86 1
0 58 1
148 88 0
108 134 1
455 180 1
25 87 1
52 87 1
425 163 0
54 118 0
172 42 1
9 128 0
285 88 1
175 28 1
291 165 1
252 87 1
444 124 1
169 53 1
3 150 1
13 38 1
143 63 1
198 53 1
454 38 0
223 87 1
201 120 1
34 116 0
170 34 1
252 28 1
201 39 1
303 104 0
195 121 1
37 28 1
151 101 0
290 135 0
289 54 0
106 2 1
153 94 0
449 77 1
291 95 1
420 87 1
308 56 1
223 28 1
241 103 1
56 147 0
245 87 1
244 86 1
271 19 0
200 131 0
437 15 1
291 27 1
125 53 1
437 120 1
111 140 1
351 158 0
346 77 1
170 76 1
344 19 1
106 93 1
163 58 1
58 108 0
230 191 1
252 181 1
383 88 1
269 87 1
118 87 1
186 134 1
122 56 1
412 56 1
186 82 1
383 139 0
297 115 0
171 77 1
5 88 1
236 144 1
170 172 1
170 175 1
278 56 1
84 130 0
55 87 1
381 105 1
159 134 1
104 30 0
308 100 1
227 87 1
344 87 1
3 87 1
190 106 0
170 139 1
397 105 1
273 86 1
236 141 1
352 186 1
312 28 1
400 58 1
281 77 0
308 70 1
42 14 0
152 180 1
236 78 1
226 28 1
433 38 1
183 164 0
139 87 1
344 88 1
437 93 1
119 7 0
331 6 1
196 153 0
170 0 1
183 28 1
112 79 1
407 173 1
12 125 0
195 29 0
13 95 1
310 60 0
86 56 1
455 191 1
39 53 1
317 191 1
231 157 0
13 191 1
243 71 0
57 77 0
418 140 1
374 87 1
169 154 0
35 56 1
168 82 1
247 63 1
276 87 1
170 21 1
308 191 1
77 191 0
331 65 1
252 19 1
216 87 1
170 122 1
263 12 0
67 140 1
382 86 1
66 170 0
20 14 0
331 104 1
367 53 1
291 125 1
368 158 1
105 82 1
106 126 1
169 28 1
437 92 1
255 10 0
329 66 0
426 186 1
453 53 0
453 38 1
229 79 1
96 26 1
393 87 1
356 87 1
275 105 1
451 182 0
73 108 1
118 28 1
399 121 1
79 56 1
302 29 0
170 2 1
331 143 1
445 95 0
106 37 1
221 86 1
51 87 1
444 87 1
36 87 1
331 29 1
333 88 1
261 100 0
326 105 1
140 126 0
18 28 1
170 115 1
331 91 1
131 28 1
331 34 1
152 46 1
455 150 1
454 19 1
273 122 0
357 86 1
369 38 0
48 9 0
259 79 1
106 115 1
315 87 1
341 105 1
378 191 1
455 166 1
179 42 1
170 104 1
166 182 1
22 56 1
54 140 1
241 56 1
304 64 1
96 10 1
146 76 0
174 191 1
201 94 1
156 40 0
228 63 1
88 160 0
188 74 0
316 31 1
125 86 1
291 158 1
437 126 1
455 40 1
331 37 1
383 165 1
170 20 1
402 187 1
308 181 1
24 56 1
241 131 1
26 23 0
151 87 1
274 82 1
170 71 1
340 86 1
331 149 1
27 57 0
385 112 0
81 7 0
223 56 1
448 77 1
437 36 1
266 11 0
375 55 0
383 130 1
237 56 1
224 53 1
411 58 1
281 88 1
170 99 1
201 107 1
144 182 1
0 190 0
79 87 1
71 79 1
177 128 0
331 4 1
201 133 1
415 88 1
455 66 0
254 121 1
278 53 1
233 87 1
298 88 1
358 106 1
186 42 0
70 56 1
344 38 1
236 181 1
187 58 1
411 121 1
137 79 1
279 79 1
437 113 1
455 19 1
445 182 1
34 53 1
273 87 1
112 87 1
331 93 1
291 114 1
402 190 1
96 93 1
325 140 1
237 120 0
106 155 1
9 56 1
145 58 1
408 32 0
333 144 1
201 136 1
170 22 1
442 105 0
235 143 0
437 142 1
387 85 0
132 95 1
275 82 0
201 24 1
170 39 1
251 70 0
402 61 1
405 76 0
323 20 0
106 4 1
86 87 1
106 6 1
455 141 1
17 140 1
62 169 0
291 47 1
453 186 1
344 118 1
342 145 0
455 145 1
92 109 1
122 180 0
52 86 1
9 86 1
4 58 1
308 101 1
106 159 1
152 79 0
377 77 0
162 75 0
437 20 1
201 36 1
336 86 1
434 121 1
96 166 1
47 151 0
337 87 1
169 19 1
141 56 1
437 164 1
320 188 0
201 69 1
241 134 1
230 121 1
438 87 1
285 87 1
137 135 0
436 14 0
149 56 1
320 87 1
431 87 1
146 28 1
204 106 1
201 54 1
339 28 1
356 73 0
423 65 0
394 82 1
106 20 1
210 168 0
135 87 1
193 58 1
407 28 1
106 67 1
201 2 1
19 77 1
297 134 1
36 28 1
428 58 1
331 13 1
437 147 1
170 94 1
331 51 1
40 183 0
144 58 1
81 77 1
68 110 0
1 8 0
170 45 1
308 106 1
223 186 1
329 56 1
200 56 1
236 19 1
239 184 1
37 190 0
125 108 0
349 27 0
66 186 1
348 28 1
392 140 1
221 87 1
228 105 0
10 186 0
291 19 1
314 161 1
228 42 1
172 140 1
348 56 1
322 28 1
170 147 1
274 181 1
280 28 1
73 180 1
331 2 1
437 34 1
437 54 0
76 127 0
241 191 1
53 190 0
367 87 1
407 56 1
429 182 0
416 87 1
106 0 1
163 121 1
199 153 0
135 167 0
317 177 0
288 53 1
179 161 1
371 144 1
343 21 0
331 21 1
158 105 1
201 142 1
402 81 1
113 115 0
394 141 0
252 76 0
170 171 1
356 56 1
77 70 1
282 86 1
181 1 0
117 190 0
268 58 1
169 191 1
402 32 1
236 30 1
35 62 0
169 56 1
106 122 1
331 126 1
331 15 1
331 22 1
201 99 1
288 149 0
383 106 1
415 106 1
106 15 1
371 124 1
253 58 1
32 42 1
75 182 1
435 132 0
437 45 1
76 105 1
241 90 1
129 28 1
455 52 1
437 65 1
11 56 1
224 108 0
201 60 1
198 87 1
13 19 1
202 87 1
272 28 1
66 28 1
433 87 1
402 42 0
265 115 0
213 87 1
194 87 1
170 6 1
211 125 0
45 181 1
72 182 1
26 87 1
343 87 1
378 58 1
167 87 1
344 165 1
190 95 1
300 82 1
70 151 0
201 22 1
418 63 1
443 79 1
424 105 1
424 121 1
106 68 1
122 87 1
152 11 1
331 172 1
21 28 1
210 79 1
254 105 1
331 76 1
106 36 1
201 179 1
68 87 1
350 56 1
106 29 1
189 56 1
44 130 0
382 87 1
366 101 0
30 53 1
407 79 1
269 79 1
47 173 1
21 156 0
274 106 1
319 53 1
222 57 0
291 83 0
201 153 1
438 53 1
402 138 1
106 139 1
178 2 0
310 28 1
402 28 1
346 185 0
331 147 1
241 145 1
106 76 1
48 87 1
415 87 1
442 161 1
124 87 1
257 58 1
430 105 1
15 124 0
201 0 1
170 120 1
90 43 0
274 53 1
437 170 1
400 187 0
106 43 1
23 191 1
133 28 1
350 101 0
91 82 1
306 82 0
371 95 0
201 112 1
0 121 1
170 24 1
270 79 1
101 53 1
201 155 1
413 36 0
363 79 0
170 163 1
73 28 1
399 119 0
387 58 1
197 181 0
236 28 1
170 146 1
308 166 1
22 158 1
337 47 0
327 78 0
437 67 1
155 28 1
76 28 1
274 56 1
313 58 1
345 68 0
57 121 1
254 28 1
360 81 0
101 140 0
82 183 0
344 105 1
96 92 1
331 127 1
145 121 1
170 55 1
381 95 0
241 28 1
53 182 1
105 176 0
157 56 1
214 121 1
194 50 0
201 18 1
150 85 0
383 191 1
227 138 0
180 19 1
437 68 1
453 88 1
256 28 0
170 170 1
252 106 1
314 42 1
250 77 1
276 53 1
84 121 1
334 87 1
111 79 1
432 1 0
57 28 1
29 53 1
73 181 1
411 103 0
113 105 1
58 77 1
106 104 1
25 101 0
443 40 0
433 27 1
12 87 1
296 110 0
14 5 0
214 141 0
283 54 0
91 191 0
321 132 0
430 58 1
174 158 1
423 58 1
201 104 1
308 104 0
74 79 1
269 4 0
337 31 1
236 38 1
334 77 0
402 178 1
165 58 1
61 108 0
429 77 1
23 182 1
170 116 1
421 28 1
312 115 0
106 112 1
437 91 1
43 84 0
106 170 1
106 179 1
364 19 0
247 161 1
201 162 1
199 53 1
201 116 1
183 56 1
39 87 1
72 140 0
152 191 1
302 105 1
266 77 1
388 82 1
205 13 0
386 63 1
450 56 1
9 144 1
149 184 0
277 87 1
253 121 1
201 149 1
237 53 1
361 75 0
201 21 1
106 54 1
286 77 1
104 56 1
112 186 1
455 168 1
331 116 1
106 39 1
49 56 1
3 110 1
331 94 1
160 88 0
455 106 1
291 145 1
144 114 0
170 54 1
352 56 1
212 191 1
201 13 1
170 112 1
147 87 1
437 149 1
391 87 1
340 87 1
6 104 0
261 87 1
437 55 1
3 193 0
128 21 0
291 124 1
106 60 1
80 58 1
337 79 1
136 57 0
433 166 1
33 169 0
185 82 1
383 156 1
155 61 0
170 68 1
252 145 1
56 77 1
305 79 1
407 87 1
145 155 0
106 149 1
278 79 1
414 88 1
306 88 1
304 87 1
205 79 1
408 191 1
64 5 1
449 66 0
98 168 0
369 56 1
77 79 1
110 9 0
96 152 1
370 87 1
417 65 0
60 35 0
13 70 1
291 180 1
236 58 1
155 106 1
291 85 1
38 144 0
180 141 1
180 158 1
106 146 1
402 56 1
220 126 0
30 110 0
327 87 1
259 110 0
308 19 1
201 154 1
54 63 1
411 182 1
447 87 1
75 32 0
147 79 1
331 1 1
417 182 1
291 121 1
331 45 1
270 28 1
279 185 0
106 1 1
103 85 0
454 56 1
170 162 1
372 32 0
294 77 1
112 62 0
201 172 1
13 52 0
121 171 0
208 28 1
293 77 1
426 87 1
140 77 1
258 43 0
423 86 1
154 40 0
316 44 0
106 133 1
209 0 0
293 183 0
236 98 1
204 28 1
236 70 1
344 89 1
414 193 1
423 105 1
275 182 1
201 51 1
89 87 1
164 63 0
352 12 0
373 191 1
201 37 1
331 154 1
103 87 1
3 191 1
319 23 0
149 87 1
256 87 1
408 181 1
170 164 1
128 87 1
201 72 1
236 134 1
17 63 1
362 77 1
91 53 1
89 85 0
437 41 1
120 121 1
147 31 0
4 125 0
241 183 0
106 24 1
98 58 1
111 63 1
291 166 1
170 1 1
191 57 0
115 87 1
406 42 1
265 87 1
112 53 1
117 77 1
97 106 1
201 91 1
415 58 0
437 76 1
59 31 0
450 30 0
331 155 1
308 180 1
198 16 1
257 94 0
73 87 1
186 129 1
67 27 0
331 162 1
17 69 0
437 127 1
201 34 1
348 90 0
97 169 0
437 6 1
192 129 0
73 150 1
94 13 0
246 87 1
454 38 1
275 121 1
274 191 1
42 5 1
301 77 1
170 149 1
434 58 1
402 87 1
441 137 1
308 88 1
96 157 1
455 151 1
45 149 0
170 133 1
36 85 0
214 58 1
331 171 1
116 125 0
389 87 0
433 106 1
292 87 1
354 48 0
201 48 1
170 69 1
106 72 1
331 133 1
2 87 1
218 35 0
93 28 1
73 134 1
96 145 1
