339 96 0
24 172 0
449 77 1
170 115 1
239 184 1
67 140 1
408 181 1
333 45 0
402 19 1
274 106 1
331 179 1
215 65 0
13 19 1
201 65 1
104 87 1
236 181 1
170 65 1
35 56 1
252 87 1
95 5 1
289 5 1
188 5 1
84 181 0
343 174 0
170 143 1
139 93 0
433 158 1
198 166 0
325 42 1
230 191 1
228 42 1
2 87 1
437 71 1
301 77 1
170 142 1
343 87 1
197 87 1
201 162 1
353 62 0
236 151 1
321 64 0
453 87 1
356 56 0
208 28 1
163 29 0
179 63 1
0 121 1
149 73 0
241 19 1
313 58 1
274 56 1
195 83 0
123 78 0
394 54 0
274 191 1
381 105 1
82 175 0
155 191 1
434 58 1
120 105 1
360 87 1
106 91 1
116 87 1
257 82 0
117 77 1
308 38 1
88 98 0
378 191 1
207 127 0
151 87 1
432 182 1
347 87 1
158 119 0
257 58 1
106 92 1
406 63 1
300 82 1
106 162 1
331 18 1
241 38 1
244 182 1
176 146 0
331 170 1
97 53 1
201 20 1
455 19 1
331 133 1
96 191 1
121 121 1
392 161 1
12 186 1
152 84 0
352 56 1
106 116 1
170 148 1
96 89 0
290 87 1
161 47 0
259 23 0
328 58 1
74 79 1
329 168 0
106 133 1
170 116 1
11 86 1
5 88 1
156 121 1
298 145 1
439 86 1
437 2 1
421 28 1
426 87 1
277 87 1
345 29 0
60 53 1
174 154 0
122 2 0
106 164 1
298 106 1
298 88 1
201 92 1
437 172 1
442 140 1
303 87 1
331 172 1
14 87 1
407 87 1
170 162 1
291 114 1
254 121 1
201 69 1
221 86 1
5 152 0
437 60 1
334 87 1
279 91 0
299 167 0
2 55 0
433 134 1
384 100 0
201 60 1
9 144 1
205 56 1
175 28 1
195 121 1
201 172 1
64 112 0
170 2 1
170 22 1
185 142 0
45 28 1
170 6 1
239 106 0
170 94 1
48 120 0
433 38 1
356 87 1
455 40 1
115 56 0
236 88 1
177 99 0
431 56 1
349 154 0
201 159 1
437 179 1
241 119 1
278 79 1
180 158 1
367 87 1
186 56 1
70 53 1
273 87 1
445 182 1
449 176 0
323 86 1
181 113 0
437 170 1
291 145 1
420 126 0
37 28 1
73 70 1
414 87 1
364 77 1
236 19 1
306 87 1
236 119 1
234 18 0
106 51 1
292 56 1
276 53 1
91 56 1
437 148 1
358 106 1
404 178 0
34 53 1
291 165 1
52 87 1
283 40 0
240 77 1
201 94 1
274 53 1
252 98 0
217 28 1
96 92 1
32 161 1
331 43 1
291 85 1
383 106 1
212 86 1
401 122 0
317 103 0
263 73 1
308 56 1
34 117 0
189 56 1
241 88 1
357 86 1
201 45 1
201 91 1
201 146 1
278 184 0
424 121 1
92 109 1
333 144 1
387 119 0
249 86 1
260 26 0
139 87 1
433 124 0
137 87 1
402 61 1
120 58 1
338 138 0
91 53 1
130 163 0
291 119 1
288 129 0
428 191 1
36 189 0
28 58 1
106 136 1
162 87 1
291 11 1
410 87 1
417 182 1
157 53 1
402 187 1
424 74 0
437 4 1
106 18 1
167 87 1
106 147 1
94 86 1
418 161 1
37 87 1
199 87 1
407 56 1
120 79 0
170 51 1
452 87 1
440 87 1
433 150 1
294 77 1
452 53 1
369 87 1
3 62 0
298 101 0
79 86 1
269 79 1
230 121 1
296 56 1
303 161 0
3 191 1
74 74 1
121 144 0
433 88 1
29 53 1
454 180 1
118 87 1
314 167 0
331 2 1
361 53 0
415 88 1
170 55 1
427 87 1
381 12 0
170 13 1
291 32 1
331 104 1
166 104 0
99 87 1
323 111 0
356 56 1
112 186 1
70 184 0
178 77 1
0 185 0
4 182 1
305 79 1
231 87 1
17 140 1
344 70 1
142 39 0
40 24 0
455 97 1
437 127 1
439 77 0
236 141 1
152 156 1
331 154 1
143 157 0
447 87 1
437 99 1
106 122 1
180 19 1
434 83 0
343 28 1
201 21 1
444 124 1
131 56 1
7 82 1
254 105 1
261 56 1
170 41 1
170 15 1
80 182 1
98 121 1
150 120 0
187 105 1
427 191 1
201 154 1
103 87 1
350 87 1
217 167 0
61 79 1
312 28 1
58 77 1
252 124 1
371 56 1
423 182 1
189 87 1
147 87 1
170 4 1
83 15 0
166 182 1
342 173 1
437 68 1
291 118 1
170 139 1
201 48 1
154 87 1
331 163 1
236 180 1
279 87 1
455 87 1
54 63 1
437 155 1
455 103 1
291 180 1
111 56 1
383 27 1
228 140 1
252 145 1
90 87 1
86 56 1
451 87 1
348 56 1
33 151 0
348 113 0
71 173 0
27 76 0
331 54 1
454 38 1
134 121 1
76 56 0
190 87 1
298 87 1
252 106 1
183 28 1
156 58 1
349 77 1
316 31 1
9 79 1
69 87 1
262 14 0
111 79 1
163 58 1
222 50 0
170 34 1
328 53 0
422 154 0
414 193 1
371 49 0
378 121 1
318 13 0
441 115 0
106 93 1
107 87 1
308 166 1
106 99 1
170 93 1
264 58 1
331 164 1
344 38 1
113 91 0
59 8 0
201 13 1
169 19 1
26 87 1
204 44 1
331 148 1
331 69 1
43 182 1
308 181 1
17 144 0
383 38 1
108 36 0
275 182 1
87 191 1
170 177 1
234 121 1
366 123 0
274 82 1
400 121 1
236 14 1
402 32 1
252 118 1
268 58 1
291 131 1
308 192 1
125 165 0
67 42 1
172 63 1
291 19 1
203 87 1
393 142 0
245 156 0
256 159 0
344 88 1
433 106 1
250 126 0
455 166 1
270 28 1
280 28 1
75 182 1
201 2 1
201 24 1
290 24 0
437 122 1
402 138 1
106 22 1
440 88 1
230 28 1
382 87 1
32 63 1
133 28 1
450 56 1
252 191 1
170 91 1
151 104 0
234 182 1
329 144 1
392 28 1
158 58 1
37 44 0
104 90 0
128 144 0
226 28 1
236 145 1
170 72 1
65 97 0
331 146 1
331 92 1
335 82 1
423 105 1
430 105 1
152 150 1
406 42 1
152 11 1
297 134 1
331 71 1
392 101 0
190 181 0
170 153 1
44 101 0
331 153 1
342 9 0
170 48 1
418 42 1
152 46 1
454 19 1
341 15 0
402 81 1
311 19 1
77 139 0
308 106 1
399 157 0
331 99 1
223 87 1
106 163 1
409 77 1
437 15 1
444 87 1
39 87 1
373 145 0
344 145 1
269 113 0
106 76 1
210 178 0
428 105 1
201 164 1
96 166 1
170 175 1
402 135 1
168 104 0
341 121 1
121 58 1
45 87 1
140 115 0
160 174 0
201 170 1
22 56 1
88 77 1
241 121 1
258 121 1
154 33 0
291 156 1
201 68 1
402 50 1
96 7 1
391 135 0
202 87 1
222 140 1
26 9 0
231 28 1
437 104 1
1 145 0
67 43 0
357 40 0
9 86 1
201 179 1
129 28 1
437 69 1
258 123 0
369 56 1
46 87 1
91 177 0
376 105 0
248 59 0
331 1 0
437 24 1
271 87 1
408 176 0
274 154 0
437 139 1
397 105 1
96 26 1
73 28 1
15 86 1
331 175 1
402 54 0
234 58 1
426 186 1
111 63 1
100 82 1
264 121 1
170 136 1
375 77 1
433 125 1
445 45 0
323 121 1
331 155 1
244 164 0
236 58 1
367 53 1
437 18 1
35 28 1
327 93 0
427 54 0
169 53 1
354 45 0
433 90 1
201 43 1
170 71 1
13 95 1
414 44 1
268 191 1
397 6 0
437 36 1
275 105 1
437 112 1
192 14 0
194 95 1
90 154 0
204 31 0
63 77 1
106 120 1
236 119 0
133 108 0
170 1 1
91 64 1
73 108 1
59 79 1
252 88 1
288 53 1
434 182 1
33 87 1
454 124 1
455 125 1
15 3 0
355 95 0
155 56 1
57 28 1
52 167 0
310 87 1
106 148 1
437 94 1
96 28 1
170 60 1
346 102 0
201 142 1
241 89 0
220 77 1
337 87 1
56 77 1
201 127 1
354 87 1
74 87 1
331 15 1
301 71 0
308 26 0
241 87 1
183 87 1
170 113 1
383 145 1
213 28 1
322 28 1
47 56 1
437 21 1
292 31 1
443 180 0
157 28 1
235 87 1
383 40 0
252 38 1
63 61 0
268 174 0
113 191 1
111 42 1
247 63 1
77 56 1
276 66 0
57 104 0
385 87 1
201 120 1
32 140 1
136 28 1
92 87 1
184 27 0
419 49 1
106 107 1
236 30 1
165 174 0
105 138 0
451 105 0
144 58 1
29 87 1
198 16 1
7 115 0
50 175 0
140 77 1
4 105 1
8 14 0
175 169 0
106 175 1
9 87 1
148 8 0
225 14 0
73 150 1
124 79 1
267 38 0
442 125 0
306 88 1
302 105 1
106 6 1
344 151 1
311 95 1
204 28 1
39 103 0
201 163 1
172 135 0
106 55 1
371 28 1
311 52 0
106 1 1
331 24 1
155 127 0
398 121 1
437 0 1
106 69 1
385 40 0
236 85 1
241 85 1
382 86 1
331 139 1
437 162 1
383 167 1
17 63 1
199 149 0
315 87 1
201 22 1
412 147 0
437 29 1
455 151 1
190 95 1
250 77 1
10 28 1
433 57 1
201 115 1
96 87 1
32 35 0
253 65 0
377 87 1
184 5 1
72 137 0
344 134 1
437 48 1
53 87 0
66 37 0
24 86 1
106 115 1
319 79 1
308 101 1
241 70 1
292 87 1
291 183 1
216 87 1
10 56 0
330 1 0
402 23 1
282 86 1
293 77 1
437 55 1
331 159 1
433 28 1
331 4 1
197 56 1
192 77 1
212 87 1
437 136 1
392 63 1
123 87 1
439 121 1
429 77 1
455 74 1
112 87 1
64 5 1
278 87 1
54 140 1
131 87 1
308 151 1
236 98 1
236 188 1
210 79 1
200 28 1
170 154 1
420 87 1
437 39 1
202 89 0
403 79 1
6 28 1
437 116 1
302 182 1
13 79 1
13 191 1
186 88 1
254 58 0
60 87 1
455 145 1
164 62 0
156 39 0
293 113 0
125 87 1
106 36 1
345 186 1
389 18 0
433 27 1
236 156 1
96 83 1
416 172 0
247 140 1
370 41 0
201 107 1
320 184 0
263 77 0
426 56 1
291 49 1
170 164 1
252 28 1
47 186 1
106 41 1
201 1 1
310 28 1
221 87 1
350 56 1
171 127 0
183 56 1
340 152 0
263 87 1
203 56 1
306 79 0
345 87 1
253 182 1
437 45 1
54 42 1
89 86 1
368 158 1
434 105 1
344 62 1
110 103 0
62 28 1
180 9 1
24 87 1
252 165 1
106 177 1
39 53 1
136 26 0
201 72 1
331 60 1
291 111 1
444 53 1
201 175 1
395 144 0
331 147 1
415 106 1
329 87 1
172 42 1
282 105 1
201 133 1
153 87 1
170 20 0
454 106 1
77 19 1
334 134 0
81 178 0
278 56 1
331 1 1
265 87 1
363 87 1
327 105 1
211 49 0
270 192 0
411 121 1
199 53 1
429 164 0
367 166 1
212 105 1
143 42 1
202 28 1
384 86 1
170 18 1
402 17 1
9 2 0
247 135 0
103 51 0
19 190 0
399 105 1
292 79 1
344 16 0
170 155 1
341 105 1
201 4 1
67 161 1
201 136 1
170 45 1
200 56 1
335 31 0
344 191 1
186 25 0
94 92 0
399 121 1
338 82 1
11 38 1
257 86 1
270 79 1
224 87 1
261 144 1
337 31 1
455 128 1
237 112 0
104 28 1
405 61 0
446 77 1
336 85 0
13 80 0
366 28 1
259 79 1
97 87 1
263 19 1
406 96 0
331 126 1
454 70 1
189 142 0
177 117 1
169 191 1
359 28 1
235 56 1
73 181 1
201 126 1
138 57 0
383 96 1
73 88 1
308 87 1
247 161 1
106 94 1
201 116 1
106 143 1
118 147 0
294 176 0
36 28 1
201 15 1
331 36 1
37 53 1
264 163 0
272 28 1
112 79 1
332 146 0
106 113 1
295 181 0
240 171 0
106 153 1
126 77 1
126 124 0
119 87 1
46 75 0
224 53 1
201 171 1
94 53 1
173 19 1
231 121 0
141 87 1
454 118 1
308 102 1
425 77 1
155 106 1
359 56 1
308 88 1
437 65 1
281 56 1
73 180 1
170 120 1
170 149 1
29 32 0
332 70 1
281 172 1
414 190 1
96 56 1
230 86 1
162 25 0
12 142 0
201 148 1
410 171 0
27 173 1
96 152 1
170 112 1
446 144 0
283 79 1
244 86 1
89 165 0
374 144 1
269 87 1
337 145 0
30 53 1
109 82 1
437 76 1
22 33 0
122 56 1
243 144 1
208 152 0
400 89 0
359 177 0
86 87 1
96 189 1
62 82 0
443 79 1
78 95 0
135 81 0
308 28 1
440 14 0
106 172 1
380 87 1
106 34 1
402 33 1
170 67 1
412 53 1
201 99 1
437 34 1
320 87 1
102 51 0
69 118 0
289 44 0
274 75 1
144 26 0
186 134 1
11 87 1
437 6 1
280 86 1
381 58 1
407 31 1
201 139 1
418 23 0
304 176 0
4 58 1
386 53 0
377 140 0
340 86 1
106 39 1
431 4 0
22 191 1
437 171 1
331 21 1
331 67 1
266 193 0
308 80 1
82 56 1
230 58 1
80 105 1
0 58 1
152 191 1
291 70 1
310 121 1
201 76 1
400 182 1
436 105 1
27 56 1
170 159 1
86 189 0
85 190 0
213 144 1
119 131 0
330 82 1
3 87 1
331 136 1
21 28 1
108 134 1
252 19 1
193 58 1
78 144 1
71 79 1
374 83 0
375 61 0
98 86 0
235 122 0
24 56 1
73 19 1
106 170 1
428 58 1
58 39 0
77 79 1
426 39 0
367 181 0
411 28 1
376 87 1
331 116 1
437 149 1
229 79 1
194 184 0
410 186 1
291 166 1
308 180 1
291 121 1
214 174 0
437 13 1
402 88 1
411 182 1
143 63 1
198 53 1
314 63 1
164 87 1
96 157 1
226 86 1
191 87 1
336 86 1
237 28 1
402 59 1
411 4 0
370 87 1
444 97 0
178 88 0
106 149 1
201 55 1
181 87 1
437 133 1
183 14 0
336 182 1
223 56 1
50 87 1
291 16 0
331 127 1
238 79 1
308 119 1
265 106 1
211 79 1
372 62 0
106 60 1
57 121 1
401 79 1
119 56 1
331 149 1
170 163 1
194 28 1
331 48 1
102 79 1
433 183 1
45 181 1
455 38 1
275 167 0
280 58 1
227 21 0
89 87 1
371 87 1
175 140 1
427 86 1
409 33 0
179 87 1
432 24 0
407 79 1
201 93 1
433 145 1
435 43 0
271 28 0
173 70 1
331 51 1
170 99 1
363 153 0
437 143 1
148 121 1
249 87 1
414 169 0
49 187 0
241 191 1
65 77 1
241 150 1
383 156 1
153 79 1
251 77 1
31 105 1
193 78 0
43 87 1
83 87 1
371 124 1
82 79 1
331 76 1
255 87 1
106 155 1
287 69 0
28 176 0
415 86 0
95 169 0
135 56 1
253 121 1
3 23 1
147 140 0
309 74 0
344 132 1
73 145 1
211 87 1
282 58 1
174 191 1
34 86 1
238 116 0
201 51 1
277 183 0
209 68 0
241 40 1
454 84 1
201 67 1
172 140 1
170 79 1
332 19 1
170 76 1
437 37 1
106 127 1
150 58 1
186 106 1
407 173 1
364 188 0
96 10 1
89 56 1
118 191 1
361 77 1
206 87 1
219 158 1
104 56 1
331 55 1
14 139 0
236 28 1
325 68 0
106 67 1
331 142 1
276 87 1
177 191 1
106 37 1
45 49 0
298 86 1
6 180 0
247 42 1
430 2 0
442 42 1
107 36 0
106 43 1
201 39 1
124 169 0
204 119 1
153 53 1
285 124 1
389 82 1
353 58 1
328 105 1
224 87 0
453 106 1
21 42 0
455 65 0
373 58 1
106 48 1
255 57 0
212 191 1
106 179 1
354 53 1
437 54 1
158 105 1
3 110 1
331 72 1
214 121 1
441 137 1
161 53 1
232 167 0
346 77 1
313 138 0
450 96 0
242 77 1
331 22 1
180 70 1
106 142 1
201 104 1
406 161 1
78 79 1
111 161 1
159 193 0
455 158 1
437 154 1
241 103 1
61 76 0
327 87 1
331 115 1
106 24 1
300 145 0
397 28 1
444 86 1
225 82 1
59 87 1
113 105 1
372 87 1
41 12 0
407 28 1
351 173 0
453 186 1
422 58 1
73 35 1
413 71 0
331 122 1
366 87 1
296 93 0
454 73 0
331 120 1
170 37 1
186 53 1
84 121 1
167 56 1
22 28 1
54 106 0
154 53 1
111 138 0
112 77 0
201 143 1
106 126 1
73 87 1
80 58 1
390 87 1
1 106 1
257 121 1
324 87 1
38 157 0
228 186 0
275 121 1
417 146 0
74 162 0
402 178 1
344 87 1
316 135 0
106 146 1
23 192 0
273 114 0
452 34 0
120 182 1
291 181 1
173 191 1
291 27 1
169 145 1
231 79 1
68 123 1
315 123 0
285 88 1
23 182 1
25 111 0
398 61 0
16 140 0
73 134 1
195 182 1
113 121 1
331 41 1
379 119 0
180 96 0
344 19 1
435 79 1
308 191 1
418 140 1
73 191 1
213 86 1
396 164 0
358 149 0
167 46 0
103 28 1
79 94 0
383 169 1
422 105 1
437 177 1
454 56 1
274 181 1
170 179 1
291 56 1
262 28 1
68 170 0
44 82 1
384 87 1
160 77 1
208 87 1
369 148 0
0 191 1
201 153 1
382 68 0
447 186 0
238 87 1
201 147 1
77 70 1
236 70 1
437 115 0
80 170 0
437 22 1
38 79 1
383 191 1
51 99 0
236 134 1
383 19 1
402 176 1
291 150 1
402 190 1
201 71 1
206 36 0
274 87 1
252 144 1
215 87 1
155 181 1
201 155 1
26 28 1
131 193 0
319 139 0
266 77 1
246 56 1
214 58 1
307 1 0
337 79 1
308 150 1
182 87 1
43 76 0
170 146 1
241 160 1
106 13 1
241 90 1
252 40 1
455 11 1
158 121 1
308 85 1
32 42 1
165 105 1
209 87 1
326 58 1
291 102 1
188 49 0
129 20 0
47 154 0
195 58 1
101 53 1
348 87 1
345 56 1
453 38 1
132 95 1
145 116 0
331 171 1
185 82 1
416 87 1
43 191 1
242 148 0
144 182 1
425 163 0
437 115 1
120 121 1
16 82 1
358 79 1
201 0 1
362 8 0
246 87 1
116 160 0
383 87 1
393 87 1
20 159 0
218 87 1
371 144 1
2 124 1
272 166 0
297 177 0
343 88 1
23 191 1
379 87 1
20 82 1
200 144 0
218 134 0
165 182 1
61 87 1
191 28 1
152 53 1
352 38 0
407 111 0
237 87 1
437 163 1
5 173 1
403 136 0
106 4 1
92 16 0
99 32 0
76 105 1
146 47 0
170 170 1
212 58 1
249 80 0
437 67 1
149 56 1
241 131 1
106 72 1
331 45 1
18 61 0
226 130 0
201 6 1
405 182 1
177 28 1
368 162 0
243 166 0
271 79 1
245 191 1
331 37 1
402 3 1
163 121 1
310 191 1
437 146 1
433 87 1
437 126 1
125 53 1
9 56 1
373 191 1
141 56 1
142 28 1
402 87 1
252 181 1
308 23 1
331 0 1
111 87 1
35 13 0
36 87 1
97 7 0
196 167 0
169 179 0
196 87 1
287 172 1
75 56 0
141 185 0
260 77 1
331 34 1
344 165 1
112 53 1
256 87 1
244 58 1
419 113 0
73 33 1
42 52 0
402 56 1
438 53 1
344 105 1
305 6 0
437 153 1
149 87 1
328 121 1
201 36 1
19 77 1
67 63 1
186 82 1
204 88 1
223 141 0
419 82 1
93 37 0
291 106 1
134 156 0
433 166 1
143 140 1
170 107 1
356 28 1
152 87 1
261 25 0
80 86 1
68 87 1
45 56 1
170 36 1
383 88 1
17 161 1
284 34 0
437 147 1
291 38 1
310 21 0
96 22 1
220 33 0
432 58 1
76 28 1
170 68 1
383 130 1
440 106 1
106 104 1
344 118 1
153 52 0
402 12 1
433 151 1
176 58 1
170 69 1
347 108 0
223 28 1
380 107 0
15 87 1
291 88 1
86 79 1
204 106 1
74 56 1
203 122 0
114 70 0
352 87 1
423 178 0
286 173 0
304 64 1
201 34 1
292 28 1
66 28 1
229 87 1
106 71 1
291 47 1
365 128 0
201 177 1
11 38 0
132 112 0
145 121 1
304 87 1
448 7 0
226 182 1
127 42 1
109 173 0
205 133 0
170 29 1
378 74 0
205 79 1
331 29 1
312 166 0
54 161 1
455 118 1
155 87 1
230 179 0
130 77 1
402 28 1
454 53 1
106 21 1
437 159 1
51 79 1
106 65 1
378 58 1
455 111 1
40 77 1
73 79 1
153 106 1
4 90 0
163 182 1
331 68 1
106 45 1
30 86 1
325 63 1
252 158 1
170 133 1
179 161 1
436 37 0
455 134 1
118 28 1
170 43 1
308 185 1
201 54 1
321 82 1
232 58 1
251 125 0
437 107 1
35 87 1
360 33 0
106 20 1
91 82 1
374 87 1
137 53 0
344 66 1
332 87 1
71 28 1
423 87 1
68 46 1
298 8 1
182 28 0
30 159 0
87 152 0
344 124 1
291 158 1
205 87 1
49 56 1
207 28 1
159 134 1
197 36 0
450 87 1
302 95 0
453 70 0
135 186 1
73 187 0
