228 140 1
172 42 1
223 28 1
317 191 1
91 151 0
73 150 1
402 187 1
241 103 1
426 56 1
27 159 0
201 122 1
437 6 1
65 142 0
415 121 1
455 103 1
384 106 1
437 115 1
234 121 1
331 37 1
192 77 1
406 5 0
326 58 1
428 155 0
261 87 1
170 29 1
265 28 1
236 19 1
425 77 1
58 77 1
152 153 0
237 28 1
175 28 1
177 28 1
254 134 0
339 76 0
334 154 0
331 69 1
270 79 1
208 87 1
128 193 0
308 119 1
21 28 1
384 87 1
430 26 0
455 118 1
423 121 1
106 136 1
201 149 1
152 87 1
367 53 1
6 87 0
73 134 1
201 24 1
415 88 1
346 170 0
442 161 1
32 140 1
80 58 1
437 113 1
234 58 1
331 177 1
149 66 0
437 76 1
85 87 1
291 85 1
369 144 0
170 92 1
204 44 1
252 28 1
147 87 1
411 63 0
185 75 0
342 80 0
97 53 1
452 133 0
231 79 1
106 126 1
196 87 1
263 8 0
448 77 1
403 119 0
310 182 1
292 79 1
417 105 1
155 181 1
395 77 1
372 87 1
291 49 1
27 56 1
38 79 1
331 139 1
356 28 1
411 121 1
179 161 1
314 161 1
416 192 0
156 58 1
204 119 1
402 138 1
201 155 1
142 28 1
209 116 0
131 56 1
73 181 1
344 62 1
26 11 0
186 106 1
269 4 0
112 79 1
213 87 1
222 33 0
3 87 1
332 19 1
298 18 0
331 60 1
17 50 0
94 16 0
274 53 1
439 17 0
236 118 1
418 184 0
404 28 1
24 86 1
235 56 1
73 42 0
450 87 1
89 87 1
201 112 1
116 82 0
402 87 1
413 79 1
80 28 1
24 56 1
408 48 0
324 87 1
312 166 1
170 37 1
331 91 1
170 91 1
385 87 1
437 159 1
61 79 1
438 16 0
380 140 0
110 7 0
182 34 0
17 140 1
273 87 1
5 173 1
102 26 0
67 81 0
214 121 1
31 95 0
146 28 1
75 121 1
37 28 1
106 34 1
275 173 0
156 105 1
179 87 1
369 53 1
34 32 0
376 55 0
141 80 0
170 28 1
291 56 1
392 38 0
429 109 0
155 159 0
186 13 0
120 182 1
233 87 1
145 190 0
167 56 1
146 2 0
0 168 0
194 95 1
170 21 1
315 30 0
223 186 1
218 0 0
130 77 1
230 28 1
331 122 0
201 55 1
106 147 1
205 87 1
208 28 1
361 77 1
437 60 1
263 73 1
201 48 1
73 79 1
328 105 1
64 94 0
106 18 1
201 54 1
236 79 0
423 87 1
269 87 1
338 82 1
144 129 0
174 183 0
236 70 1
60 96 0
20 82 1
291 28 1
161 68 0
314 42 1
388 78 0
57 28 1
111 56 1
201 172 1
236 38 1
145 58 1
230 58 1
274 145 0
422 58 1
201 45 1
106 148 1
424 105 1
439 121 1
153 53 1
433 150 1
98 58 1
331 94 1
29 29 0
434 111 0
241 38 1
292 87 1
212 105 1
107 137 0
201 113 1
180 9 1
192 22 0
291 19 1
41 82 1
398 13 0
434 105 1
73 28 1
46 87 1
412 56 1
170 148 1
205 79 1
437 43 1
454 56 1
353 53 0
118 178 0
427 16 0
170 0 1
385 41 0
201 71 1
47 93 0
241 106 1
38 50 0
239 38 0
228 161 1
430 105 1
241 88 1
356 87 1
401 79 1
411 58 1
331 65 1
86 185 0
125 87 1
352 87 1
433 38 1
170 133 1
420 87 1
99 36 0
402 178 1
387 11 0
57 121 1
236 145 1
94 86 1
455 191 1
106 22 1
402 33 1
415 87 1
383 191 1
308 192 1
69 123 0
349 118 0
42 159 0
106 177 1
228 63 1
111 161 1
219 158 1
275 105 1
20 64 0
286 77 1
104 28 1
455 111 1
13 0 0
11 38 1
122 87 1
402 86 1
201 115 1
348 28 1
271 63 0
137 102 0
383 165 1
149 87 1
179 42 1
252 124 1
308 56 1
122 77 0
331 34 1
285 98 0
345 162 0
73 180 1
437 54 1
347 162 0
40 77 1
96 189 1
123 87 1
163 30 0
217 161 0
32 161 1
48 87 1
331 148 1
306 105 0
453 114 0
190 147 0
170 48 1
201 4 1
48 53 1
3 19 1
26 87 1
247 140 1
280 108 0
280 58 1
194 13 0
74 56 1
369 87 1
165 193 0
331 147 1
141 87 1
360 87 1
236 156 1
291 180 1
46 92 0
157 56 1
151 23 0
402 12 1
383 145 1
260 166 0
331 120 1
312 32 0
106 99 1
393 180 0
106 139 1
337 79 1
288 53 1
106 41 1
395 159 0
162 87 1
214 58 1
289 5 1
290 158 0
103 27 0
106 48 1
346 77 1
268 191 1
423 13 0
106 170 1
230 121 1
114 109 0
248 42 0
402 102 1
112 127 0
222 140 1
174 158 1
200 115 0
15 86 1
236 78 1
256 24 0
170 60 1
236 88 1
83 87 1
391 87 1
321 82 1
287 106 1
32 42 1
170 54 1
113 121 1
288 112 0
291 124 1
4 52 0
331 153 1
437 116 1
236 85 1
170 36 1
374 6 0
201 177 1
186 56 1
201 159 1
438 87 1
91 64 1
437 37 1
252 38 1
4 58 1
193 142 0
108 134 1
100 82 1
131 128 0
437 29 1
252 144 1
383 27 1
13 86 1
414 190 1
45 87 1
54 163 0
55 115 0
384 86 1
68 46 1
140 157 0
58 68 0
440 106 1
402 85 1
106 60 1
201 22 1
68 87 1
440 3 0
125 53 1
241 191 1
328 121 1
3 110 1
158 121 1
158 58 1
220 77 1
168 8 0
120 135 0
344 145 1
432 58 1
274 87 1
343 97 0
109 82 1
314 63 1
236 191 1
328 31 0
295 182 1
186 87 1
141 56 1
308 101 1
189 87 1
247 63 1
323 121 1
170 147 1
32 63 1
294 77 1
339 28 1
428 191 1
0 121 1
316 89 0
455 38 1
344 89 1
387 86 1
285 87 1
331 136 1
226 182 1
119 130 0
255 56 1
418 42 1
414 88 1
42 5 1
134 121 1
160 77 1
55 87 1
106 163 1
293 172 0
412 53 1
187 105 1
111 137 0
75 88 0
234 182 1
424 112 0
106 162 1
170 139 1
245 191 1
455 52 1
202 28 1
390 175 0
383 28 1
152 11 1
128 87 1
291 131 1
440 88 1
331 43 1
9 56 1
366 179 0
170 15 1
383 96 1
306 87 1
303 66 0
12 87 1
400 121 1
291 44 0
44 45 0
134 40 0
121 58 1
201 37 1
135 186 1
433 87 1
157 28 1
241 28 1
381 105 1
356 56 1
285 88 1
4 105 1
344 166 1
71 79 1
170 93 1
138 79 1
241 166 1
104 190 0
189 56 1
111 79 1
437 15 1
291 125 1
437 48 1
96 92 1
12 186 1
298 145 1
215 163 0
120 121 1
3 150 1
454 124 1
121 64 0
442 42 1
433 88 1
135 36 0
106 155 1
152 156 1
7 82 1
170 112 1
106 68 1
84 105 1
96 87 1
262 28 1
28 58 1
229 174 0
415 124 0
181 181 0
389 170 0
443 123 0
78 79 1
250 51 0
381 187 0
106 146 1
164 87 1
48 84 0
156 121 1
201 43 1
252 118 1
444 86 1
115 87 1
331 142 1
389 82 1
180 133 0
331 113 1
366 87 1
414 44 1
152 53 1
1 165 0
433 134 1
66 170 0
91 56 1
195 190 0
352 95 0
340 111 0
353 87 1
326 112 0
47 173 1
282 86 1
335 157 0
123 130 0
331 107 1
213 28 1
66 186 1
143 63 1
437 170 1
227 87 1
305 134 0
224 87 1
153 106 1
271 87 1
252 157 0
437 177 1
59 87 1
327 110 0
272 93 0
298 88 1
437 133 1
102 79 1
76 7 0
170 116 1
201 29 1
371 144 1
379 133 0
309 101 0
402 50 1
45 147 0
60 53 1
93 64 0
279 87 1
437 171 1
437 99 1
2 87 1
242 181 0
236 144 1
96 85 0
54 42 1
406 161 1
455 134 1
106 154 1
344 38 1
136 131 0
433 68 0
375 77 1
437 142 1
417 58 1
252 19 1
106 15 1
78 76 0
414 77 0
60 87 1
391 171 0
343 87 1
236 98 1
213 144 1
18 28 1
104 56 1
330 43 0
143 70 0
68 133 0
397 28 1
57 177 0
152 150 1
331 155 1
145 121 1
291 181 1
436 96 0
351 86 1
170 69 1
29 53 1
243 144 1
437 2 1
298 8 1
455 128 1
70 53 1
30 53 1
201 2 1
138 56 0
308 100 1
170 41 1
296 51 0
446 77 1
433 183 1
437 1 1
170 179 1
175 140 1
292 56 1
331 76 1
409 77 1
77 79 1
455 166 1
331 18 1
402 135 1
201 146 1
70 56 1
347 87 1
241 56 1
239 184 1
106 175 1
264 37 0
232 20 0
70 88 0
241 121 1
394 82 1
164 36 0
437 175 1
187 58 1
449 11 0
163 182 1
283 90 0
455 158 1
180 70 1
291 156 1
118 191 1
442 63 1
312 28 1
80 5 0
33 87 1
147 79 1
106 54 1
113 191 1
170 18 1
325 0 0
331 20 1
170 22 1
244 86 1
106 4 1
455 40 1
251 163 0
434 191 1
203 56 0
301 77 1
62 54 0
175 82 0
170 115 1
252 40 1
9 87 1
344 88 1
170 126 1
325 42 1
35 56 1
172 161 1
96 10 1
24 186 1
74 74 1
255 88 0
396 87 1
17 161 1
298 106 1
437 24 1
363 122 0
147 36 0
331 92 1
331 115 1
413 73 0
285 124 1
345 186 1
131 28 1
400 12 0
39 177 0
437 51 1
201 15 1
31 105 1
383 66 0
331 55 1
106 153 1
383 87 1
22 158 1
257 58 1
299 182 1
437 179 1
323 28 1
238 79 1
259 171 0
223 56 1
11 175 0
114 77 1
170 104 1
359 56 1
249 87 1
278 56 1
258 53 0
421 21 0
27 31 1
201 143 1
448 148 0
390 87 1
437 120 1
301 126 0
331 116 1
153 1 0
236 14 1
106 107 1
331 162 1
237 53 1
198 87 1
144 182 1
252 165 1
26 28 1
276 119 0
110 87 1
292 31 1
154 85 0
150 58 1
308 106 1
23 140 0
195 58 1
93 28 1
282 28 0
455 106 1
428 58 1
423 58 1
437 164 1
168 82 1
266 77 1
331 127 1
148 192 0
244 182 1
228 182 0
105 82 1
89 56 1
455 148 0
203 87 1
117 35 0
169 85 1
143 42 1
211 87 1
427 191 1
27 173 1
341 105 1
406 42 1
205 89 0
186 129 1
219 22 0
433 158 1
106 65 1
432 182 1
242 77 1
425 15 0
201 13 1
274 106 1
179 140 1
191 4 0
308 160 1
201 41 1
309 86 1
110 144 1
283 79 1
179 142 0
206 10 0
159 115 0
132 146 0
236 150 1
201 17 0
71 140 0
170 146 1
220 132 0
265 106 1
96 145 1
344 19 1
364 35 0
314 140 1
263 19 1
323 128 0
106 39 1
106 43 1
17 42 1
73 70 1
100 167 0
400 58 1
273 185 0
96 22 1
367 87 1
241 131 1
77 19 1
157 11 0
171 16 0
282 105 1
311 178 0
241 87 1
72 182 1
106 133 1
236 141 1
262 180 0
294 61 0
76 105 1
350 87 1
291 102 1
418 63 1
331 122 1
274 75 1
331 171 1
308 38 1
0 58 1
96 93 1
291 158 1
105 74 0
171 77 1
248 87 1
331 6 1
79 86 1
106 91 1
152 191 1
378 121 1
433 144 1
433 125 1
370 53 0
201 126 1
251 77 1
420 94 0
153 87 1
382 87 1
407 31 1
297 137 0
281 88 1
295 129 0
332 184 0
88 77 1
293 77 1
65 77 1
265 45 0
325 63 1
40 6 0
409 128 0
437 20 1
437 122 1
51 79 1
236 151 1
212 191 1
206 87 1
103 87 1
434 182 1
325 161 1
198 46 0
214 44 0
167 60 0
181 87 1
327 105 1
437 13 1
106 149 1
327 58 1
257 86 1
268 132 0
13 38 1
357 135 0
170 76 1
291 27 1
204 89 0
445 11 0
117 77 1
177 117 1
61 87 1
378 58 1
308 151 1
201 94 1
433 57 1
245 10 0
96 28 1
361 61 0
291 191 1
13 70 1
348 144 0
326 105 1
221 188 0
212 87 1
244 20 0
201 76 1
252 158 1
226 55 0
61 7 0
323 86 1
382 59 0
221 86 1
59 158 0
322 28 1
201 136 1
208 146 0
454 118 1
104 82 1
392 63 1
216 87 1
273 86 1
437 172 1
377 21 0
178 77 1
341 78 0
372 20 0
180 141 1
292 135 0
241 145 1
49 63 0
344 132 1
331 133 1
227 33 0
134 28 1
170 65 1
96 191 1
402 19 1
253 121 1
433 90 1
383 106 1
308 87 1
205 56 1
184 110 0
106 164 1
129 192 0
359 28 1
321 97 0
281 190 0
24 37 0
124 87 1
155 106 1
160 165 0
45 181 1
350 25 0
331 51 1
96 7 1
9 38 0
331 54 1
14 126 0
74 67 0
170 153 1
310 21 0
344 23 1
447 87 1
331 143 1
401 152 0
455 74 1
383 181 1
437 69 1
173 4 0
217 28 1
148 121 1
298 86 1
365 131 0
358 106 1
236 35 1
18 19 0
211 79 1
437 154 1
88 22 0
111 42 1
241 70 1
332 70 1
37 87 1
359 192 0
331 172 1
149 56 1
201 1 1
111 140 1
382 86 1
237 15 0
374 53 1
444 41 0
437 68 1
170 94 1
111 63 1
310 28 1
37 168 0
241 90 1
454 84 1
233 9 0
310 121 1
345 87 1
258 87 1
446 42 0
50 87 1
259 79 1
400 182 1
73 35 1
191 28 1
170 120 1
427 86 1
366 28 1
235 46 0
99 87 1
256 87 1
9 79 1
2 43 0
176 58 1
241 160 1
371 33 0
331 112 1
45 28 1
331 71 1
371 28 1
224 71 0
231 87 1
304 87 1
399 108 0
106 37 1
331 48 1
437 147 1
291 87 1
455 168 1
355 79 1
291 118 1
281 56 1
11 86 1
201 179 1
91 87 1
434 121 1
73 108 1
241 19 1
340 87 1
119 56 1
51 87 1
11 56 1
421 28 1
53 193 0
380 87 1
344 193 0
170 177 1
169 191 1
333 88 1
155 28 1
197 87 1
201 60 1
79 87 1
331 67 1
16 82 1
453 53 1
279 62 0
172 63 1
396 53 0
362 14 0
106 159 1
437 93 1
139 166 0
201 154 1
101 87 1
383 11 1
10 28 1
354 53 1
252 191 1
264 58 1
98 105 1
191 87 1
437 136 1
236 25 1
73 19 1
452 87 1
284 49 0
325 140 1
185 82 1
302 190 0
86 79 1
130 60 0
87 191 1
188 161 0
331 15 1
252 181 1
365 56 1
56 77 1
320 111 0
230 35 0
403 79 1
261 56 1
331 2 1
3 191 1
296 56 1
231 89 0
199 87 1
170 13 1
73 33 1
364 77 1
394 162 0
112 53 1
291 38 1
79 56 1
8 118 0
452 53 1
331 93 1
280 86 1
333 144 1
327 87 1
22 56 1
170 1 1
106 92 1
16 6 0
344 118 1
453 186 1
186 82 1
106 55 1
67 42 1
201 0 1
354 175 0
331 163 1
344 191 1
337 31 1
383 169 1
150 182 1
49 56 1
236 119 1
282 58 1
388 82 1
329 56 1
30 86 1
244 58 1
113 105 1
402 81 1
22 28 1
245 87 1
195 121 1
106 172 1
158 105 1
237 56 1
302 182 1
89 86 1
454 53 1
231 28 1
91 82 1
291 119 1
408 181 1
383 19 1
211 173 0
310 105 1
376 87 1
106 29 1
201 18 1
331 29 1
169 145 1
170 159 1
331 170 1
254 28 1
358 3 0
287 172 1
331 13 1
81 192 0
302 105 1
351 31 0
399 105 1
41 128 0
433 145 1
63 83 0
201 36 1
201 68 1
201 99 1
384 107 0
170 34 1
455 150 1
437 41 1
228 42 1
154 87 1
80 86 1
137 79 1
106 93 1
90 87 1
173 191 1
277 28 1
106 104 1
402 17 1
94 87 1
236 28 1
438 53 1
25 87 1
173 28 1
106 36 1
82 55 0
111 87 1
402 154 0
455 28 1
170 24 1
454 28 1
170 79 1
82 56 1
152 180 1
68 123 1
240 114 0
402 176 1
56 54 0
165 58 1
433 166 1
230 86 1
8 77 1
455 151 1
392 161 1
247 100 0
101 137 0
310 191 1
241 119 1
455 11 1
7 66 0
291 88 1
1 106 1
73 88 1
39 53 1
80 105 1
246 56 1
14 87 1
201 65 1
322 30 0
96 157 1
402 3 1
194 87 1
455 87 1
447 72 0
241 134 1
165 182 1
74 87 1
286 46 0
407 185 0
241 40 1
436 105 1
127 70 0
198 53 1
344 28 1
437 121 0
370 87 1
307 87 1
177 81 0
319 79 1
126 77 1
352 56 1
277 97 0
310 87 1
278 53 1
308 19 1
202 27 0
190 95 1
276 53 1
402 190 1
53 182 1
455 180 1
331 72 1
193 121 1
85 125 0
399 121 1
5 106 0
345 56 1
200 28 1
352 186 1
437 45 1
266 93 0
201 51 1
62 28 1
437 71 1
201 162 1
127 42 1
116 87 1
253 58 1
444 87 1
300 71 0
201 175 1
308 70 1
126 167 0
140 77 1
288 87 1
183 23 0
212 58 1
276 87 1
450 56 1
237 87 1
331 99 1
454 125 0
383 38 1
106 113 1
43 87 1
367 189 0
182 87 1
267 163 0
0 28 1
30 145 0
318 11 0
170 107 1
108 140 0
371 56 1
125 86 1
455 97 1
106 2 1
172 140 1
194 28 1
280 28 1
21 30 0
419 133 0
371 87 1
289 32 0
430 58 1
3 23 1
433 106 1
125 61 0
313 153 0
437 143 1
417 15 0
92 124 0
106 120 1
170 154 1
236 30 1
284 5 1
223 87 1
342 173 1
76 28 1
368 58 0
169 53 1
50 42 0
331 39 1
15 79 1
405 167 0
441 16 0
236 87 1
223 106 0
287 92 0
226 86 1
236 27 1
373 104 0
445 182 1
113 70 0
106 45 1
437 146 1
241 117 0
9 86 1
169 28 1
308 23 1
170 42 0
51 68 0
170 113 1
331 68 1
315 87 1
201 164 1
109 157 0
400 28 1
402 174 1
170 99 1
71 86 1
170 170 1
319 22 0
204 28 1
207 28 1
402 59 1
10 155 0
253 182 1
455 145 1
397 32 0
166 55 0
169 56 1
176 46 0
218 87 1
136 28 1
170 20 1
383 156 1
96 152 1
331 126 1
72 143 0
106 112 1
308 85 1
386 155 0
210 16 0
13 95 1
47 186 1
201 21 1
329 120 0
74 79 1
135 87 1
344 151 1
106 20 1
45 56 1
96 67 1
410 186 1
118 28 1
319 53 1
44 82 1
302 191 1
411 182 1
255 87 1
170 172 1
199 105 0
384 88 1
90 183 0
336 124 0
229 79 1
363 87 1
278 87 1
25 143 0
437 72 1
45 53 1
257 121 1
43 185 0
337 87 1
201 91 1
291 103 1
22 191 1
201 147 1
183 56 1
158 142 0
106 69 1
170 4 1
172 118 0
378 59 0
270 83 0
453 88 1
201 120 1
355 78 0
201 93 1
402 23 1
451 87 1
291 95 1
106 171 1
356 53 1
106 51 1
437 65 1
106 13 1
34 53 1
267 82 1
331 0 1
81 77 1
307 28 1
106 122 1
328 58 1
201 20 1
437 92 1
367 166 1
13 79 1
307 116 0
73 145 1
170 127 1
170 122 1
207 78 0
0 191 1
386 63 1
358 79 1
5 88 1
95 12 0
338 138 0
408 191 1
373 191 1
314 148 0
121 121 1
331 1 1
404 90 0
11 87 1
24 87 1
186 53 1
317 88 0
97 87 1
437 112 1
318 77 1
275 182 1
67 63 1
387 58 1
170 71 1
437 34 1
375 94 0
426 141 0
423 86 1
432 60 0
54 140 1
170 51 1
170 171 1
437 55 1
52 167 0
291 70 1
455 141 1
433 27 1
431 87 1
54 161 1
453 87 1
212 86 1
412 77 0
15 87 1
291 32 1
435 79 1
337 101 0
442 122 0
341 121 1
437 94 1
454 19 1
261 178 0
180 19 1
202 87 1
133 28 1
291 106 1
433 181 1
189 147 0
178 12 0
335 82 1
97 106 1
419 82 1
78 144 1
291 121 1
155 87 1
183 87 1
348 87 1
106 184 0
411 28 1
410 10 0
451 156 0
170 155 1
379 87 1
28 33 0
17 63 1
453 106 1
343 28 1
437 4 1
398 121 1
291 150 1
437 163 1
392 140 1
454 180 1
201 127 1
243 103 0
52 87 1
179 63 1
37 53 1
106 0 1
224 53 1
414 193 1
156 165 0
101 53 1
357 87 1
236 181 1
15 40 0
203 56 1
107 87 1
52 86 1
142 97 0
423 182 1
455 125 1
143 140 1
253 54 0
241 85 1
331 45 1
437 155 1
103 28 1
133 193 0
279 79 1
291 47 1
183 28 1
450 83 0
333 34 0
264 121 1
83 147 0
329 144 1
437 22 1
112 87 1
278 97 0
249 99 0
454 70 1
373 58 1
343 88 1
234 101 0
86 56 1
417 182 1
247 42 1
186 134 1
113 58 1
97 163 0
213 100 0
124 139 0
201 171 1
170 2 1
96 176 1
431 102 0
308 109 0
19 77 1
238 17 0
35 28 1
252 145 1
201 67 1
170 39 1
437 91 1
72 121 1
143 161 1
414 87 1
187 56 0
369 56 1
407 79 1
129 28 1
250 77 1
291 145 1
298 87 1
225 82 1
356 135 0
331 175 1
90 56 1
162 137 0
308 150 1
362 77 1
119 87 1
167 87 1
439 86 1
78 87 1
