236 38 1
114 77 1
384 106 1
307 87 1
331 94 1
13 38 1
85 87 1
396 87 1
170 54 1
455 106 1
314 140 1
169 28 1
255 56 1
170 28 1
286 77 1
79 56 1
174 158 1
81 77 1
355 79 1
413 79 1
150 182 1
70 56 1
236 27 1
291 124 1
437 43 1
96 145 1
201 112 1
97 106 1
309 86 1
122 87 1
431 87 1
418 63 1
331 177 1
395 77 1
237 56 1
402 174 1
417 105 1
125 86 1
433 181 1
374 53 1
402 86 1
339 28 1
131 28 1
437 92 1
433 144 1
414 88 1
344 89 1
11 56 1
408 191 1
106 139 1
24 186 1
106 154 1
437 164 1
299 182 1
90 56 1
291 87 1
170 0 1
295 182 1
241 28 1
172 161 1
91 87 1
66 186 1
72 182 1
437 113 1
78 87 1
156 105 1
388 82 1
387 86 1
96 176 1
71 86 1
325 140 1
273 86 1
12 87 1
98 105 1
437 120 1
344 23 1
391 87 1
333 88 1
233 87 1
314 42 1
179 42 1
169 56 1
180 141 1
170 122 1
170 172 1
228 63 1
223 186 1
312 166 1
356 53 1
22 158 1
187 58 1
113 58 1
155 28 1
279 79 1
438 87 1
400 28 1
193 121 1
157 56 1
387 58 1
415 121 1
186 129 1
402 102 1
267 82 1
143 161 1
106 54 1
455 141 1
135 87 1
331 113 1
106 29 1
170 127 1
434 191 1
94 87 1
47 173 1
253 58 1
423 86 1
51 87 1
308 19 1
302 191 1
284 5 1
291 191 1
124 87 1
213 87 1
236 144 1
437 1 1
236 118 1
281 88 1
455 52 1
48 87 1
96 67 1
201 37 1
423 121 1
331 39 1
241 106 1
13 86 1
331 107 1
104 82 1
331 91 1
291 103 1
331 143 1
417 58 1
353 87 1
383 11 1
453 53 1
455 150 1
383 181 1
236 150 1
106 15 1
455 191 1
241 134 1
101 87 1
248 87 1
84 105 1
42 5 1
423 58 1
434 121 1
170 24 1
138 79 1
168 82 1
287 106 1
241 56 1
307 28 1
170 92 1
106 171 1
331 65 1
48 53 1
323 28 1
455 28 1
331 93 1
326 105 1
415 87 1
170 104 1
236 25 1
278 53 1
18 28 1
106 2 1
430 58 1
277 28 1
351 86 1
340 87 1
72 121 1
3 150 1
98 58 1
41 82 1
106 159 1
383 28 1
384 88 1
236 87 1
52 86 1
17 42 1
331 20 1
169 85 1
115 87 1
285 87 1
236 78 1
437 41 1
392 140 1
173 28 1
79 87 1
106 68 1
170 20 1
170 171 1
331 13 1
8 77 1
55 87 1
325 161 1
344 28 1
147 79 1
369 53 1
331 6 1
383 165 1
105 82 1
241 145 1
442 161 1
245 87 1
201 149 1
455 180 1
170 147 1
186 87 1
137 79 1
310 105 1
308 160 1
228 161 1
308 100 1
261 87 1
394 82 1
170 21 1
146 28 1
437 20 1
412 56 1
237 53 1
448 77 1
145 58 1
110 87 1
236 191 1
3 19 1
310 182 1
75 121 1
13 70 1
365 56 1
402 85 1
291 125 1
227 87 1
437 142 1
357 87 1
411 58 1
93 28 1
455 168 1
201 18 1
152 180 1
362 77 1
400 58 1
241 166 1
319 53 1
53 182 1
258 87 1
344 166 1
437 51 1
134 28 1
106 112 1
404 28 1
327 58 1
442 63 1
437 93 1
194 87 1
453 88 1
352 186 1
170 126 1
265 28 1
308 70 1
128 87 1
254 28 1
27 31 1
291 28 1
386 63 1
437 91 1
0 28 1
201 41 1
106 0 1
170 39 1
80 28 1
331 162 1
329 56 1
454 28 1
331 112 1
165 58 1
96 93 1
179 140 1
318 77 1
348 28 1
201 122 1
291 95 1
201 113 1
201 29 1
424 105 1
25 87 1
288 87 1
45 53 1
110 144 1
314 161 1
111 140 1
437 175 1
317 191 1
15 79 1
171 77 1
198 87 1
236 35 1
437 72 1
155 181 1
15 86 1
201 54 1
28 58 1
27 173 1
80 58 1
383 19 1
414 193 1
170 170 1
106 177 1
331 43 1
34 53 1
14 87 1
433 38 1
35 56 1
52 87 1
117 77 1
402 135 1
170 36 1
383 191 1
241 38 1
348 87 1
89 87 1
266 77 1
96 22 1
218 87 1
141 56 1
418 42 1
225 82 1
106 39 1
170 94 1
214 58 1
428 58 1
187 105 1
170 1 1
436 105 1
1 106 1
344 62 1
454 53 1
170 76 1
298 145 1
170 120 1
152 11 1
24 56 1
400 182 1
201 36 1
26 87 1
331 126 1
170 13 1
373 191 1
106 155 1
247 63 1
282 58 1
96 92 1
106 20 1
298 106 1
111 87 1
201 2 1
247 42 1
437 6 1
433 166 1
200 28 1
437 22 1
73 181 1
208 28 1
381 105 1
201 22 1
144 182 1
331 68 1
360 87 1
73 35 1
224 53 1
341 105 1
402 81 1
434 105 1
220 77 1
291 32 1
411 28 1
399 121 1
3 87 1
454 19 1
217 28 1
331 34 1
129 28 1
402 187 1
118 191 1
170 91 1
252 145 1
153 106 1
201 171 1
445 182 1
201 45 1
201 43 1
202 28 1
447 87 1
39 53 1
145 121 1
70 53 1
331 116 1
455 11 1
437 94 1
60 87 1
382 87 1
212 191 1
437 172 1
112 53 1
253 121 1
331 0 1
256 87 1
160 77 1
291 47 1
172 63 1
195 58 1
369 56 1
169 53 1
0 58 1
432 58 1
226 182 1
121 121 1
251 77 1
437 147 1
24 87 1
5 88 1
298 88 1
331 15 1
331 29 1
205 79 1
24 86 1
170 71 1
3 110 1
453 106 1
364 77 1
17 140 1
106 133 1
140 77 1
247 140 1
126 77 1
11 86 1
252 118 1
104 28 1
356 56 1
331 163 1
402 190 1
131 56 1
106 99 1
437 2 1
185 82 1
0 191 1
111 161 1
331 127 1
455 134 1
328 105 1
212 58 1
283 79 1
366 87 1
61 87 1
212 86 1
4 105 1
236 181 1
308 150 1
281 56 1
68 123 1
106 126 1
315 87 1
97 53 1
327 87 1
332 19 1
9 87 1
343 88 1
421 28 1
89 56 1
80 105 1
186 82 1
177 28 1
230 121 1
411 182 1
80 86 1
74 79 1
201 21 1
111 63 1
152 191 1
419 82 1
17 161 1
169 191 1
434 182 1
252 19 1
375 77 1
291 181 1
103 28 1
198 53 1
331 99 1
331 133 1
414 87 1
331 155 1
186 106 1
179 161 1
398 121 1
143 140 1
437 163 1
323 121 1
228 42 1
223 28 1
88 77 1
380 87 1
321 82 1
91 56 1
384 86 1
367 53 1
437 122 1
409 77 1
415 88 1
201 51 1
22 28 1
331 172 1
169 145 1
344 19 1
157 28 1
201 20 1
106 113 1
252 181 1
30 53 1
236 145 1
402 50 1
32 140 1
273 87 1
373 58 1
291 85 1
213 144 1
279 87 1
201 162 1
167 87 1
54 161 1
83 87 1
371 56 1
406 42 1
455 125 1
241 121 1
294 77 1
291 156 1
241 160 1
192 77 1
201 13 1
296 56 1
331 171 1
438 53 1
453 186 1
9 86 1
314 63 1
385 87 1
237 28 1
444 87 1
112 87 1
331 122 1
331 136 1
244 182 1
4 58 1
56 77 1
103 87 1
298 86 1
201 4 1
38 79 1
22 191 1
68 87 1
3 191 1
352 56 1
172 140 1
327 105 1
170 112 1
241 85 1
378 121 1
186 134 1
101 53 1
106 122 1
291 121 1
106 147 1
211 79 1
437 15 1
170 133 1
29 53 1
428 191 1
165 182 1
44 82 1
308 56 1
91 82 1
158 121 1
57 28 1
46 87 1
216 87 1
454 70 1
337 79 1
221 86 1
143 63 1
344 132 1
302 105 1
437 71 1
170 37 1
291 145 1
86 56 1
120 121 1
54 140 1
382 86 1
106 149 1
9 79 1
310 28 1
201 94 1
106 43 1
73 145 1
106 115 1
397 105 1
304 64 1
73 87 1
437 139 1
170 162 1
334 87 1
316 31 1
269 79 1
331 159 1
274 56 1
67 161 1
170 163 1
308 185 1
423 105 1
440 87 1
374 144 1
96 26 1
180 158 1
311 19 1
454 38 1
418 140 1
437 107 1
4 182 1
170 67 1
297 134 1
368 158 1
229 87 1
106 6 1
170 72 1
13 191 1
112 186 1
407 87 1
437 104 1
405 182 1
437 18 1
437 149 1
98 121 1
34 86 1
303 87 1
106 72 1
201 72 1
331 22 1
215 87 1
344 87 1
441 137 1
406 63 1
6 28 1
236 134 1
82 79 1
152 46 1
449 77 1
268 58 1
416 87 1
308 80 1
437 39 1
371 124 1
69 87 1
263 87 1
236 188 1
92 109 1
331 164 1
43 191 1
159 134 1
210 79 1
200 56 1
357 86 1
344 70 1
173 19 1
291 183 1
422 105 1
437 153 1
331 21 1
106 143 1
170 149 1
306 88 1
426 186 1
201 104 1
254 105 1
199 53 1
94 53 1
443 79 1
135 56 1
374 87 1
201 142 1
291 11 1
344 134 1
201 92 1
232 58 1
437 162 1
204 88 1
377 87 1
193 58 1
201 163 1
67 140 1
252 87 1
381 58 1
106 1 1
153 79 1
132 95 1
444 124 1
96 83 1
402 28 1
407 173 1
331 146 1
213 86 1
54 63 1
166 182 1
163 121 1
36 87 1
272 28 1
155 56 1
170 68 1
431 56 1
270 28 1
292 28 1
277 87 1
437 36 1
291 166 1
238 87 1
201 107 1
236 58 1
258 121 1
330 82 1
131 87 1
383 88 1
274 82 1
43 182 1
442 140 1
344 165 1
418 161 1
350 56 1
378 191 1
80 182 1
226 28 1
161 53 1
204 106 1
188 5 1
300 82 1
144 58 1
344 124 1
331 4 1
291 165 1
230 191 1
393 87 1
170 45 1
290 87 1
429 77 1
106 21 1
308 166 1
308 102 1
236 180 1
13 19 1
221 87 1
426 87 1
402 32 1
170 143 1
95 5 1
308 191 1
308 88 1
305 79 1
170 164 1
415 106 1
35 87 1
246 87 1
84 121 1
59 79 1
274 191 1
201 133 1
311 95 1
92 87 1
349 77 1
106 94 1
247 161 1
23 191 1
240 77 1
106 71 1
201 139 1
170 136 1
344 66 1
139 87 1
165 105 1
201 148 1
260 77 1
201 34 1
254 121 1
427 87 1
274 181 1
419 49 1
64 5 1
454 106 1
291 111 1
235 87 1
170 6 1
104 87 1
353 58 1
348 56 1
9 144 1
71 28 1
184 5 1
265 87 1
252 106 1
308 180 1
402 56 1
332 87 1
437 127 1
23 182 1
252 88 1
428 105 1
170 55 1
106 179 1
402 88 1
2 124 1
278 79 1
453 38 1
383 130 1
106 24 1
209 87 1
157 53 1
195 182 1
36 28 1
407 28 1
201 153 1
124 79 1
383 167 1
106 76 1
281 172 1
66 28 1
261 144 1
154 53 1
433 151 1
86 87 1
433 28 1
336 182 1
320 87 1
75 182 1
241 150 1
197 56 1
106 127 1
402 61 1
174 191 1
201 170 1
151 87 1
410 87 1
169 19 1
106 116 1
336 86 1
122 56 1
331 154 1
77 70 1
275 121 1
331 149 1
437 67 1
47 56 1
120 58 1
437 126 1
331 24 1
201 69 1
271 79 1
155 191 1
344 105 1
29 87 1
106 142 1
354 87 1
177 191 1
437 21 1
120 105 1
201 6 1
170 43 1
331 104 1
137 87 1
73 191 1
340 86 1
201 39 1
437 0 1
308 181 1
186 88 1
170 142 1
308 28 1
291 114 1
331 36 1
407 56 1
173 70 1
63 77 1
96 56 1
249 86 1
201 116 1
434 58 1
96 166 1
198 16 1
424 121 1
118 87 1
329 87 1
444 53 1
106 67 1
392 28 1
77 56 1
331 41 1
39 87 1
313 58 1
190 87 1
437 148 1
163 58 1
331 179 1
91 53 1
455 19 1
170 175 1
308 87 1
179 87 1
325 63 1
282 86 1
147 87 1
170 116 1
437 34 1
291 158 1
170 48 1
433 90 1
287 172 1
454 56 1
201 0 1
259 79 1
183 28 1
106 36 1
204 44 1
331 1 1
189 56 1
270 79 1
111 79 1
176 58 1
241 70 1
331 48 1
202 87 1
241 131 1
285 124 1
244 86 1
369 87 1
337 31 1
433 125 1
437 69 1
170 139 1
455 40 1
236 98 1
241 40 1
153 87 1
308 101 1
51 79 1
437 45 1
149 56 1
437 68 1
111 56 1
344 191 1
433 134 1
76 28 1
433 27 1
455 151 1
345 186 1
155 106 1
293 77 1
76 105 1
170 148 1
371 28 1
402 87 1
236 85 1
252 124 1
280 28 1
155 87 1
274 106 1
426 56 1
183 87 1
106 60 1
106 170 1
310 191 1
16 82 1
236 28 1
106 162 1
278 56 1
291 38 1
252 144 1
133 28 1
106 104 1
352 87 1
332 70 1
454 124 1
333 144 1
152 53 1
308 192 1
241 103 1
397 28 1
106 34 1
77 79 1
90 87 1
201 155 1
437 116 1
11 38 1
236 70 1
344 88 1
308 85 1
390 87 1
201 120 1
106 41 1
37 28 1
73 180 1
158 105 1
186 53 1
430 105 1
43 87 1
423 182 1
291 150 1
170 69 1
263 19 1
356 87 1
335 82 1
370 87 1
455 158 1
442 42 1
269 87 1
96 10 1
383 145 1
223 56 1
383 169 1
32 42 1
136 28 1
331 51 1
113 121 1
437 55 1
292 87 1
308 106 1
298 8 1
201 179 1
106 91 1
291 27 1
223 87 1
304 87 1
73 33 1
452 87 1
252 165 1
204 28 1
106 146 1
170 146 1
195 121 1
214 121 1
411 121 1
427 86 1
27 56 1
264 58 1
241 90 1
201 91 1
50 87 1
33 87 1
285 88 1
40 77 1
337 87 1
125 53 1
455 166 1
106 22 1
180 19 1
291 19 1
433 106 1
262 28 1
2 87 1
264 121 1
437 76 1
454 180 1
344 118 1
73 134 1
367 87 1
371 87 1
119 56 1
237 87 1
201 65 1
288 53 1
73 108 1
236 19 1
170 34 1
170 2 1
239 184 1
87 191 1
234 121 1
236 30 1
383 106 1
358 106 1
156 121 1
455 145 1
112 79 1
236 156 1
212 105 1
241 191 1
231 79 1
331 148 1
427 191 1
201 154 1
106 93 1
21 28 1
9 56 1
383 156 1
17 63 1
328 121 1
372 87 1
342 173 1
407 31 1
402 178 1
149 87 1
74 74 1
201 93 1
78 79 1
11 87 1
437 133 1
433 88 1
203 87 1
71 79 1
263 73 1
245 191 1
106 48 1
250 77 1
276 87 1
376 87 1
22 56 1
31 105 1
274 87 1
236 141 1
417 182 1
440 88 1
49 56 1
275 105 1
201 172 1
319 79 1
437 65 1
19 77 1
331 142 1
182 87 1
275 182 1
178 77 1
331 175 1
150 58 1
383 87 1
107 87 1
367 166 1
344 38 1
331 147 1
343 87 1
58 77 1
252 40 1
106 65 1
45 181 1
437 177 1
100 82 1
13 95 1
0 121 1
425 77 1
308 151 1
118 28 1
437 170 1
106 4 1
322 28 1
37 87 1
134 121 1
252 28 1
331 45 1
350 87 1
170 153 1
170 22 1
104 56 1
274 53 1
73 88 1
257 121 1
181 87 1
190 95 1
201 177 1
201 24 1
172 42 1
331 2 1
346 77 1
408 181 1
433 87 1
344 145 1
301 77 1
213 28 1
371 144 1
378 58 1
201 60 1
57 121 1
175 28 1
276 53 1
170 115 1
291 180 1
229 79 1
201 136 1
106 13 1
183 56 1
331 72 1
106 37 1
338 82 1
455 118 1
331 37 1
170 179 1
420 87 1
331 76 1
96 152 1
230 28 1
91 64 1
96 157 1
407 79 1
257 58 1
201 48 1
113 191 1
312 28 1
73 150 1
450 56 1
170 99 1
226 86 1
205 56 1
73 28 1
108 134 1
201 99 1
113 105 1
402 138 1
201 76 1
