170 71 1
452 87 1
74 74 1
290 87 1
409 77 1
106 154 1
170 127 1
455 19 1
308 181 1
451 87 1
158 58 1
329 87 1
310 87 1
241 134 1
274 75 1
73 88 1
437 127 1
227 87 1
223 186 1
11 56 1
201 177 1
171 77 1
224 53 1
291 27 1
437 107 1
291 150 1
155 106 1
163 182 1
344 87 1
402 86 1
111 87 1
33 87 1
331 4 1
432 182 1
455 40 1
236 156 1
455 118 1
437 115 1
347 87 1
164 87 1
425 77 1
201 91 1
43 191 1
97 53 1
201 20 1
73 134 1
241 56 1
73 35 1
344 23 1
336 182 1
159 134 1
274 181 1
170 99 1
291 111 1
440 87 1
223 28 1
303 87 1
201 143 1
352 56 1
402 85 1
274 87 1
454 84 1
196 87 1
275 121 1
106 67 1
312 28 1
37 87 1
308 88 1
411 28 1
140 77 1
14 87 1
139 87 1
170 6 1
252 40 1
30 53 1
191 28 1
136 28 1
362 77 1
96 189 1
98 58 1
331 171 1
438 53 1
284 5 1
153 87 1
298 88 1
201 162 1
233 87 1
271 87 1
437 148 1
229 79 1
431 87 1
106 122 1
437 0 1
17 140 1
308 85 1
123 87 1
9 79 1
407 28 1
170 91 1
106 115 1
170 60 1
407 79 1
350 87 1
161 53 1
106 29 1
437 36 1
291 102 1
26 28 1
344 105 1
213 86 1
249 86 1
236 58 1
201 2 1
49 56 1
170 67 1
292 87 1
407 56 1
106 126 1
278 87 1
137 87 1
437 39 1
155 87 1
308 185 1
170 0 1
125 87 1
447 87 1
201 155 1
312 166 1
323 86 1
331 162 1
299 182 1
78 144 1
240 77 1
228 140 1
170 39 1
291 49 1
241 166 1
231 79 1
361 77 1
212 87 1
264 58 1
201 0 1
236 27 1
440 106 1
170 170 1
153 53 1
3 110 1
186 134 1
153 79 1
349 77 1
0 28 1
201 142 1
54 161 1
392 63 1
208 87 1
201 18 1
170 120 1
323 28 1
170 1 1
241 90 1
402 3 1
96 67 1
434 191 1
334 87 1
383 88 1
261 144 1
331 112 1
354 53 1
331 147 1
223 56 1
236 134 1
190 95 1
331 122 1
331 149 1
201 146 1
331 115 1
359 56 1
280 58 1
162 87 1
113 191 1
433 90 1
277 28 1
247 63 1
437 155 1
411 58 1
69 87 1
254 105 1
170 153 1
241 38 1
68 123 1
402 23 1
275 182 1
173 19 1
201 127 1
170 24 1
449 77 1
230 121 1
155 28 1
331 13 1
236 145 1
285 87 1
310 182 1
252 28 1
274 106 1
106 172 1
437 153 1
13 19 1
291 121 1
427 87 1
201 93 1
235 56 1
241 103 1
29 53 1
279 87 1
274 191 1
252 19 1
67 42 1
157 53 1
336 86 1
41 82 1
170 13 1
291 87 1
308 56 1
417 182 1
179 63 1
331 155 1
146 28 1
298 106 1
48 87 1
112 79 1
3 150 1
434 58 1
292 79 1
276 53 1
410 186 1
201 148 1
385 87 1
308 101 1
437 15 1
13 191 1
147 79 1
322 28 1
201 69 1
437 65 1
91 64 1
291 106 1
18 28 1
212 58 1
135 186 1
236 78 1
191 87 1
298 145 1
86 87 1
269 87 1
201 37 1
437 136 1
160 77 1
0 121 1
143 140 1
236 88 1
150 58 1
252 165 1
331 172 1
40 77 1
32 161 1
187 58 1
170 76 1
9 86 1
195 58 1
444 53 1
455 52 1
201 76 1
13 70 1
97 106 1
13 79 1
401 79 1
246 87 1
106 51 1
424 105 1
45 181 1
429 77 1
261 87 1
288 87 1
241 70 1
3 23 1
201 43 1
94 87 1
170 92 1
131 56 1
437 34 1
308 151 1
423 58 1
198 87 1
402 187 1
318 77 1
403 79 1
201 65 1
111 140 1
345 87 1
454 38 1
427 191 1
402 56 1
68 87 1
331 107 1
241 145 1
437 126 1
51 79 1
455 106 1
274 53 1
226 182 1
328 58 1
247 161 1
205 79 1
170 171 1
170 159 1
170 179 1
95 5 1
170 18 1
112 53 1
170 34 1
169 191 1
430 105 1
112 186 1
444 86 1
402 102 1
96 191 1
455 158 1
241 119 1
152 180 1
106 65 1
98 105 1
201 13 1
437 120 1
309 86 1
301 77 1
344 88 1
106 113 1
261 56 1
194 87 1
418 42 1
214 58 1
73 145 1
402 61 1
138 79 1
65 77 1
437 146 1
443 79 1
346 77 1
402 190 1
250 77 1
157 28 1
246 56 1
437 172 1
173 191 1
257 86 1
106 13 1
428 105 1
291 145 1
453 88 1
353 87 1
276 87 1
106 147 1
111 56 1
423 121 1
298 86 1
77 79 1
441 137 1
455 103 1
188 5 1
278 56 1
281 56 1
75 121 1
201 6 1
437 29 1
291 70 1
156 105 1
204 44 1
331 60 1
454 19 1
338 82 1
371 144 1
134 28 1
96 10 1
241 88 1
331 45 1
437 13 1
170 68 1
331 36 1
106 72 1
283 79 1
213 87 1
180 70 1
321 82 1
201 99 1
265 87 1
448 77 1
402 19 1
132 95 1
405 182 1
152 191 1
325 63 1
383 27 1
241 40 1
170 107 1
455 128 1
331 29 1
201 45 1
232 58 1
203 56 1
104 87 1
439 86 1
36 28 1
168 82 1
412 53 1
408 181 1
418 140 1
6 28 1
437 6 1
170 79 1
96 22 1
331 177 1
300 82 1
236 25 1
437 69 1
292 28 1
331 136 1
169 28 1
186 106 1
186 88 1
437 122 1
374 144 1
291 85 1
217 28 1
337 79 1
353 58 1
84 121 1
344 118 1
125 53 1
437 41 1
50 87 1
106 69 1
379 87 1
325 161 1
424 121 1
96 87 1
331 72 1
163 121 1
331 2 1
407 173 1
270 79 1
450 87 1
83 87 1
89 87 1
165 58 1
308 150 1
106 41 1
292 31 1
13 95 1
103 87 1
152 87 1
281 172 1
247 42 1
32 140 1
201 1 1
106 93 1
158 105 1
236 151 1
172 42 1
170 51 1
314 140 1
356 28 1
24 86 1
239 184 1
341 105 1
331 6 1
111 63 1
201 54 1
454 53 1
201 41 1
47 186 1
79 56 1
380 87 1
201 92 1
337 31 1
442 42 1
297 134 1
170 163 1
170 172 1
252 87 1
177 117 1
170 65 1
45 53 1
402 81 1
212 105 1
96 93 1
438 87 1
201 179 1
366 28 1
126 77 1
437 18 1
437 54 1
275 105 1
411 121 1
287 106 1
382 87 1
216 87 1
179 42 1
331 34 1
106 22 1
433 183 1
106 99 1
241 19 1
170 116 1
3 191 1
265 28 1
47 56 1
80 58 1
131 87 1
201 21 1
331 127 1
382 86 1
422 58 1
331 116 1
212 86 1
252 191 1
201 175 1
370 87 1
194 95 1
110 87 1
402 33 1
0 58 1
90 87 1
4 105 1
169 85 1
20 82 1
104 56 1
133 28 1
286 77 1
423 182 1
437 164 1
125 86 1
9 144 1
291 165 1
75 182 1
407 31 1
291 119 1
277 87 1
383 167 1
266 77 1
331 68 1
419 49 1
331 170 1
273 87 1
51 87 1
106 21 1
111 161 1
236 188 1
24 186 1
235 87 1
202 28 1
241 85 1
415 87 1
13 38 1
434 182 1
437 68 1
407 87 1
455 74 1
203 87 1
35 28 1
244 58 1
106 1 1
344 165 1
220 77 1
260 77 1
106 146 1
326 58 1
294 77 1
106 6 1
13 86 1
155 56 1
7 82 1
149 56 1
71 86 1
437 45 1
201 22 1
230 28 1
67 140 1
179 140 1
106 148 1
371 124 1
96 176 1
197 56 1
418 161 1
413 79 1
91 56 1
392 28 1
106 153 1
344 132 1
384 106 1
73 87 1
308 166 1
221 86 1
331 76 1
204 119 1
89 56 1
10 28 1
402 176 1
76 105 1
433 181 1
437 104 1
291 103 1
331 65 1
44 82 1
368 158 1
54 63 1
437 51 1
106 15 1
17 161 1
11 87 1
106 136 1
236 181 1
437 116 1
34 53 1
74 79 1
402 138 1
331 179 1
291 131 1
80 182 1
455 28 1
236 38 1
314 42 1
213 28 1
106 143 1
106 68 1
90 56 1
122 56 1
45 28 1
255 56 1
455 38 1
170 2 1
73 191 1
437 76 1
408 191 1
433 144 1
43 87 1
21 28 1
170 148 1
402 88 1
241 150 1
437 92 1
176 58 1
174 191 1
437 93 1
97 87 1
423 86 1
251 77 1
278 79 1
331 24 1
85 87 1
129 28 1
440 88 1
170 133 1
247 140 1
106 45 1
204 106 1
237 56 1
73 79 1
15 87 1
144 182 1
24 87 1
201 126 1
302 191 1
332 19 1
433 27 1
397 28 1
331 159 1
291 158 1
437 175 1
402 12 1
291 95 1
170 147 1
331 41 1
319 53 1
414 88 1
16 82 1
99 87 1
169 145 1
105 82 1
238 79 1
252 181 1
76 28 1
241 87 1
296 56 1
341 121 1
331 54 1
437 4 1
199 53 1
291 125 1
106 48 1
155 181 1
165 105 1
344 66 1
172 161 1
37 53 1
215 87 1
106 163 1
383 87 1
242 77 1
234 58 1
201 147 1
313 58 1
446 77 1
340 86 1
264 121 1
373 191 1
267 82 1
106 55 1
201 68 1
285 124 1
419 82 1
0 191 1
26 87 1
201 29 1
255 87 1
106 162 1
437 22 1
32 63 1
201 115 1
92 109 1
172 140 1
325 42 1
437 147 1
124 79 1
25 87 1
442 140 1
63 77 1
437 71 1
157 56 1
201 164 1
106 133 1
96 83 1
332 70 1
78 87 1
70 56 1
194 28 1
268 58 1
331 104 1
32 42 1
78 79 1
167 56 1
291 166 1
329 144 1
39 53 1
453 38 1
170 69 1
369 53 1
454 70 1
344 62 1
150 182 1
258 87 1
331 163 1
106 60 1
121 121 1
152 53 1
56 77 1
106 104 1
224 87 1
237 28 1
332 87 1
170 164 1
350 56 1
108 134 1
352 186 1
92 87 1
308 87 1
141 56 1
252 118 1
400 182 1
180 9 1
218 87 1
414 193 1
174 158 1
344 124 1
444 124 1
437 55 1
444 87 1
384 88 1
367 166 1
343 87 1
72 182 1
122 87 1
234 121 1
372 87 1
331 92 1
311 95 1
437 1 1
433 57 1
54 140 1
201 60 1
145 121 1
335 82 1
135 56 1
236 119 1
328 121 1
201 34 1
331 1 1
434 121 1
17 42 1
280 86 1
137 79 1
112 87 1
268 191 1
71 28 1
263 73 1
48 53 1
102 79 1
186 56 1
170 37 1
356 53 1
96 152 1
450 56 1
106 127 1
35 56 1
170 104 1
282 105 1
80 28 1
209 87 1
96 56 1
73 180 1
371 28 1
186 53 1
230 191 1
432 58 1
106 24 1
47 173 1
113 105 1
271 79 1
344 166 1
437 170 1
141 87 1
201 171 1
265 106 1
9 87 1
236 98 1
135 87 1
383 38 1
211 87 1
428 58 1
367 87 1
223 87 1
106 2 1
222 140 1
437 149 1
454 106 1
345 186 1
106 139 1
201 112 1
269 79 1
29 87 1
117 77 1
435 79 1
331 0 1
22 28 1
73 70 1
201 55 1
369 87 1
437 94 1
205 56 1
106 107 1
274 56 1
236 19 1
61 87 1
344 38 1
418 63 1
73 19 1
434 105 1
142 28 1
437 139 1
428 191 1
253 121 1
316 31 1
373 58 1
5 88 1
455 134 1
226 86 1
308 28 1
200 56 1
96 28 1
305 79 1
291 124 1
170 155 1
170 139 1
170 136 1
170 28 1
393 87 1
383 145 1
378 58 1
96 7 1
433 106 1
433 87 1
331 148 1
115 87 1
70 53 1
343 28 1
291 181 1
453 106 1
127 42 1
452 53 1
184 5 1
77 56 1
291 38 1
130 77 1
433 134 1
331 37 1
388 82 1
367 53 1
128 87 1
27 56 1
252 106 1
8 77 1
179 161 1
365 56 1
201 51 1
144 58 1
149 87 1
437 99 1
392 140 1
106 37 1
170 177 1
344 28 1
170 175 1
291 88 1
153 106 1
116 87 1
437 48 1
100 82 1
437 24 1
45 87 1
60 87 1
201 159 1
22 158 1
109 82 1
110 144 1
351 86 1
106 171 1
363 87 1
111 79 1
28 58 1
94 86 1
106 175 1
455 168 1
414 87 1
236 28 1
241 131 1
106 76 1
285 88 1
331 67 1
77 70 1
106 18 1
374 53 1
437 143 1
308 160 1
331 99 1
170 149 1
53 182 1
357 86 1
106 149 1
22 191 1
170 162 1
52 87 1
291 180 1
369 56 1
453 53 1
134 121 1
437 142 1
94 53 1
348 56 1
253 182 1
177 191 1
422 105 1
455 151 1
234 182 1
73 28 1
383 130 1
259 79 1
237 53 1
93 28 1
12 186 1
106 92 1
291 118 1
330 82 1
325 140 1
211 79 1
27 31 1
331 48 1
183 56 1
355 79 1
170 72 1
73 150 1
364 77 1
431 56 1
291 11 1
201 139 1
344 151 1
121 58 1
430 58 1
342 173 1
170 20 1
23 191 1
120 121 1
252 88 1
331 55 1
387 58 1
417 58 1
331 154 1
12 87 1
455 180 1
228 42 1
81 77 1
201 107 1
80 105 1
331 133 1
437 162 1
263 87 1
436 105 1
201 72 1
87 191 1
383 169 1
106 170 1
298 8 1
356 87 1
58 77 1
201 15 1
201 122 1
170 94 1
2 124 1
173 70 1
437 179 1
383 156 1
106 34 1
15 79 1
96 166 1
170 36 1
437 163 1
67 161 1
437 67 1
143 161 1
72 121 1
175 28 1
11 38 1
415 106 1
152 156 1
331 20 1
170 115 1
101 87 1
327 58 1
31 105 1
439 121 1
201 71 1
201 149 1
151 87 1
197 87 1
212 191 1
170 146 1
236 30 1
178 77 1
225 82 1
326 105 1
131 28 1
106 0 1
201 170 1
308 119 1
328 105 1
291 32 1
154 53 1
410 87 1
453 186 1
331 21 1
319 79 1
236 118 1
185 82 1
4 182 1
226 28 1
331 113 1
236 150 1
433 145 1
27 173 1
187 105 1
201 113 1
190 87 1
175 140 1
308 38 1
331 91 1
348 28 1
308 102 1
331 164 1
201 172 1
245 191 1
383 181 1
192 77 1
89 86 1
295 182 1
414 190 1
310 28 1
201 120 1
399 121 1
344 145 1
383 19 1
331 18 1
254 121 1
360 87 1
236 180 1
331 126 1
57 28 1
120 105 1
152 11 1
371 87 1
331 71 1
331 146 1
383 106 1
331 142 1
453 87 1
329 56 1
170 4 1
402 174 1
249 87 1
198 53 1
170 48 1
280 28 1
437 72 1
344 89 1
201 163 1
106 164 1
230 58 1
323 121 1
201 133 1
60 53 1
106 20 1
331 94 1
118 191 1
402 50 1
186 82 1
119 56 1
106 142 1
201 153 1
104 82 1
219 158 1
331 120 1
383 96 1
400 28 1
195 182 1
67 63 1
273 86 1
167 87 1
124 87 1
46 87 1
420 87 1
292 56 1
114 77 1
201 154 1
201 104 1
66 28 1
106 71 1
189 87 1
30 86 1
43 182 1
400 58 1
118 28 1
62 28 1
145 58 1
106 39 1
77 19 1
354 87 1
272 28 1
333 144 1
201 24 1
106 91 1
228 63 1
308 191 1
445 182 1
308 106 1
54 42 1
166 182 1
339 28 1
158 121 1
356 56 1
82 56 1
154 87 1
106 112 1
241 121 1
236 191 1
262 28 1
415 121 1
433 151 1
454 180 1
398 121 1
91 87 1
236 144 1
344 19 1
291 19 1
308 192 1
282 86 1
442 161 1
331 69 1
337 87 1
270 28 1
302 182 1
34 86 1
22 56 1
320 87 1
433 150 1
244 182 1
357 87 1
207 28 1
397 105 1
11 86 1
402 87 1
120 58 1
396 87 1
170 143 1
195 121 1
256 87 1
417 105 1
416 87 1
179 87 1
201 94 1
118 87 1
314 63 1
371 56 1
306 87 1
170 122 1
454 56 1
106 54 1
183 28 1
254 28 1
106 36 1
55 87 1
426 186 1
189 56 1
170 93 1
400 121 1
106 120 1
170 154 1
103 28 1
236 87 1
291 114 1
231 87 1
244 86 1
96 92 1
170 54 1
274 82 1
344 191 1
291 156 1
384 87 1
308 180 1
293 77 1
383 191 1
252 124 1
201 67 1
426 56 1
104 28 1
344 134 1
310 191 1
375 77 1
402 32 1
252 144 1
170 29 1
98 121 1
169 56 1
454 124 1
252 38 1
281 88 1
200 28 1
455 87 1
390 87 1
143 42 1
169 19 1
163 58 1
37 28 1
406 42 1
298 87 1
96 26 1
387 86 1
263 19 1
186 129 1
331 51 1
113 121 1
170 142 1
213 144 1
317 191 1
310 105 1
455 97 1
402 17 1
383 28 1
193 58 1
455 191 1
358 79 1
206 87 1
180 19 1
204 88 1
384 86 1
208 28 1
79 87 1
433 158 1
291 28 1
288 53 1
73 108 1
433 38 1
106 179 1
86 56 1
165 182 1
1 106 1
358 106 1
455 145 1
73 181 1
9 56 1
17 63 1
59 79 1
143 63 1
340 87 1
381 58 1
71 79 1
331 22 1
402 28 1
113 58 1
80 86 1
201 116 1
19 77 1
155 191 1
182 87 1
333 88 1
74 87 1
378 121 1
455 11 1
107 87 1
23 182 1
170 113 1
415 88 1
111 42 1
170 55 1
88 77 1
170 41 1
399 105 1
15 86 1
106 4 1
308 19 1
66 186 1
383 165 1
238 87 1
411 182 1
359 28 1
257 121 1
42 5 1
414 44 1
310 121 1
455 111 1
437 37 1
331 153 1
57 121 1
241 28 1
68 46 1
169 53 1
156 58 1
210 79 1
282 58 1
454 118 1
201 136 1
327 87 1
327 105 1
230 86 1
106 94 1
3 87 1
279 79 1
96 157 1
437 171 1
455 150 1
177 28 1
201 4 1
64 5 1
201 48 1
170 45 1
289 5 1
433 28 1
258 121 1
45 56 1
